1.127000991418044333e-10 -2.592546575839563378e-11 -2.804330513781358507e-11 -2.263783689327404644e-11 -1.073443020435482284e-11 -4.409181359369885129e-12 -2.977512450266119616e-12 -3.519568857174472545e-12 -4.008054464679181699e-12 -4.498019012015043241e-12 -5.748767234681158274e-12 -8.394589992634827122e-12 -7.717347486509213111e-12 -7.607195423280634741e-12 -8.279131687415328137e-12
-2.592546575839555300e-11 4.816067681684813364e-10 -2.585558802935314800e-11 -1.349897521234634591e-11 -9.209286684792481483e-12 -3.301040101931007394e-12 -3.698515753757846179e-14 8.461627456871479120e-13 5.750217638228787073e-13 3.840187407057682430e-13 -1.386532593325919922e-12 -6.947772179560872791e-12 -6.741209869724512299e-12 -6.840990758481427691e-12 -7.806435905569563031e-12
-2.804330513781364323e-11 -2.585558802935264071e-11 1.466348562949313098e-09 -5.415562992401690907e-11 -2.057011753422289155e-11 -1.273616723363770537e-11 -4.099765702339893974e-12 1.445155596771519479e-12 3.294991516611634867e-12 3.276797098612411262e-12 9.738855702998332121e-13 -6.147006734226973758e-12 -7.041110091447089116e-12 -8.360059977014514986e-12 -7.117938825357081500e-12
-2.263783689327399797e-11 -1.349897521234692914e-11 -5.415562992401814984e-11 3.141931994033231440e-09 -1.064802534704935091e-10 -3.614925939103766432e-11 -2.194286815855237578e-11 -6.303551138405494972e-12 3.118628463006394005e-12 6.550785804429701418e-12 3.975868700402321746e-12 -6.795857153107288274e-12 -9.221082710216077664e-12 -7.958747667395403149e-12 -6.782902422699957960e-12
-1.073443020435483900e-11 -9.209286684792077586e-12 -2.057011753422317913e-11 -1.064802534704898256e-10 5.839563548507635832e-09 -1.851053361782365780e-10 -6.043529668937035683e-11 -3.485474232724796459e-11 -9.510015245098160392e-12 6.070863665686128808e-12 5.977934639169880157e-12 -9.592105645480260821e-12 -8.904730270445190462e-12 -7.937106704062186252e-12 -7.818857858799007789e-12
-4.409181359369881090e-12 -3.301040101930952868e-12 -1.273616723363805272e-11 -3.614925939103630723e-11 -1.851053361782355181e-10 9.977447787422145792e-09 -2.990499225405459455e-10 -9.342563858435686769e-11 -5.243505101114028248e-11 -1.560234018615336172e-11 -2.419575483876515027e-12 -7.696834851546270372e-12 -7.279277350852937255e-12 -7.811548772159296856e-12 -8.111854857124157231e-12
-2.977512450266123252e-12 -3.698515753761023710e-14 -4.099765702339728376e-12 -2.194286815855240486e-11 -6.043529668937391112e-11 -2.990499225405484271e-10 1.554719933166424143e-08 -4.435350701850182905e-10 -1.374087297179993408e-10 -8.617588655564884093e-11 -2.562240506445117654e-11 -1.067402776844554829e-11 -5.189957947206537824e-12 -5.973783303615032423e-12 -7.155533583259650800e-12
-3.519568857174469718e-12 8.461627456870862168e-13 1.445155596771593796e-12 -6.303551138405518398e-12 -3.485474232724684015e-11 -9.342563858435657042e-11 -4.435350701850158089e-10 2.299302377889350444e-08 -6.465044585218617522e-10 -2.028049864419322116e-10 -9.291828449543879922e-11 -3.599586981017222659e-11 -9.475021867797262235e-12 -2.407065328402230906e-12 -3.160763528893987841e-12
-4.008054464679193816e-12 5.750217638228274124e-13 3.294991516611505216e-12 3.118628463006522444e-12 -9.510015245097817888e-12 -5.243505101113990766e-11 -1.374087297179974796e-10 -6.465044585218663017e-10 3.221561895699604767e-08 -8.940166650244882809e-10 -2.052786342710844454e-10 -1.055178645077824184e-10 -3.879888594971453481e-11 -5.665047604545317689e-12 2.825408255544754794e-12
-4.498019012015033547e-12 3.840187407057757150e-13 3.276797098612331290e-12 6.550785804429757964e-12 6.070863665687309802e-12 -1.560234018615260886e-11 -8.617588655564942254e-11 -2.028049864419346931e-10 -8.940166650244627417e-10 4.402225840625429115e-08 -8.666446657700958609e-10 -2.108878020498460775e-10 -1.182669763906710782e-10 -3.771517222100248248e-11 -3.921211800500249834e-12
-5.748767234681145349e-12 -1.386532593325941934e-12 9.738855702999434759e-13 3.975868700401701360e-12 5.977934639170223469e-12 -2.419575483876194736e-12 -2.562240506445075649e-11 -9.291828449544191407e-11 -2.052786342710713139e-10 -8.666446657701249156e-10 4.308086240421505060e-08 -8.307933871731838627e-10 -2.476031810543713031e-10 -1.274386235396178268e-10 -5.259856382076187407e-11
-8.394589992634828738e-12 -6.947772179560893793e-12 -6.147006734226937407e-12 -6.795857153107285043e-12 -9.592105645480225278e-12 -7.696834851546065192e-12 -1.067402776844556606e-11 -3.599586981017285990e-11 -1.055178645077806348e-10 -2.108878020498348847e-10 -8.307933871731797268e-10 5.726380198871890761e-10 -2.486647585511765024e-11 -8.637932897514929102e-12 -6.210172699602477441e-12
-7.717347486509208264e-12 -6.741209869724526031e-12 -7.041110091447095578e-12 -9.221082710216025965e-12 -8.904730270445316477e-12 -7.279277350852717535e-12 -5.189957947206449774e-12 -9.475021867796573994e-12 -3.879888594971567218e-11 -1.182669763906670198e-10 -2.476031810543739398e-10 -2.486647585511747899e-11 4.089474794089633350e-10 -1.226239341132012679e-11 -4.944762450796310606e-12
-7.607195423280628278e-12 -6.840990758481430922e-12 -8.360059977014497215e-12 -7.958747667395315907e-12 -7.937106704062265415e-12 -7.811548772159031900e-12 -5.973783303615225486e-12 -2.407065328403480562e-12 -5.665047604545403315e-12 -3.771517222100091213e-11 -1.274386235396204635e-10 -8.637932897514720691e-12 -1.226239341132037074e-11 4.087413692178361376e-10 -1.634891215148443790e-11
-8.279131687415334599e-12 -7.806435905569556568e-12 -7.117938825357055651e-12 -6.782902422700071051e-12 -7.818857858798941549e-12 -8.111854857124000519e-12 -7.155533583259473894e-12 -3.160763528893626758e-12 2.825408255544676034e-12 -3.921211800499904906e-12 -5.259856382076328933e-11 -6.210172699602373236e-12 -4.944762450796288795e-12 -1.634891215148433450e-11 9.759760450870388755e-10
