4.189721614612110703e-11 -9.906392677850847778e-12 -9.411917065862519146e-12 -7.719189064266381405e-12 -3.664139885339278337e-12 -1.427356703305092834e-12 -8.470798603141843016e-13 -9.961062732810025203e-13 -1.185143381351315357e-12 -1.322467459144725485e-12 -1.852083885390115241e-12 -3.140485614722147986e-12 -2.877624081351644002e-12 -2.829969266326381897e-12 -3.078785168055476346e-12
-9.906392677850834853e-12 2.360471173732067654e-10 -1.454783889974248239e-11 -7.259561014191045550e-12 -4.615286705540769904e-12 -1.624561181629788964e-12 5.604700019476951353e-14 5.608819109892296577e-13 4.160353786262568302e-13 3.449110485033664180e-13 -5.665265819783166318e-13 -3.390688971649581042e-12 -3.258685460404921880e-12 -3.347113256593771420e-12 -3.900513923388578810e-12
-9.411917065862528840e-12 -1.454783889974255993e-11 8.304044123289138276e-10 -3.453290081791874515e-11 -1.236860115618546304e-11 -7.641002095867301309e-12 -2.542917621603953526e-12 7.563232778708668579e-13 1.864072071300870655e-12 1.873710243060076075e-12 5.043776920067194834e-13 -3.477870266901485951e-12 -3.956910428269513152e-12 -4.836755831885625190e-12 -4.226026784633082148e-12
-7.719189064266384636e-12 -7.259561014191295966e-12 -3.453290081791869991e-11 1.941083383487777939e-09 -6.640060909759095684e-11 -2.289674251001534439e-11 -1.392627990209347806e-11 -4.192747623822240336e-12 1.846106487681559368e-12 4.104888100434588097e-12 2.436793275068670968e-12 -4.216387027068267651e-12 -5.737462228543934713e-12 -5.034179821780530825e-12 -4.353740676127081216e-12
-3.664139885339273490e-12 -4.615286705540763442e-12 -1.236860115618546627e-11 -6.640060909759317989e-11 3.784452752638966451e-09 -1.227403175694037879e-10 -3.998890605758866080e-11 -2.362742611958068079e-11 -6.522157362548200882e-12 3.948019268115914923e-12 3.971280548901664425e-12 -5.794149918694706589e-12 -5.392320413530541052e-12 -4.883280088719684901e-12 -4.807638203976431760e-12
-1.427356703305097883e-12 -1.624561181629762509e-12 -7.641002095867353008e-12 -2.289674251001522484e-11 -1.227403175694019009e-10 6.653152745336972755e-09 -1.969577412952479208e-10 -6.391093955776241478e-11 -3.568002675541682852e-11 -1.058130042092139939e-11 -1.545502251526476512e-12 -4.614054009152633925e-12 -4.337796890101660514e-12 -4.877772278717901624e-12 -5.053379621737520305e-12
-8.470798603141838977e-13 5.604700019479343810e-14 -2.542917621603959988e-12 -1.392627990209298692e-11 -3.998890605759116173e-11 -1.969577412952445346e-10 1.038671363187576588e-08 -3.047661416214072730e-10 -9.404601018437205565e-11 -5.869144984327277414e-11 -1.714454706901858632e-11 -6.698787995780779525e-12 -2.981030564824100239e-12 -3.740387921421632818e-12 -4.499298934502870404e-12
-9.961062732810013086e-13 5.608819109892150165e-13 7.563232778709101758e-13 -4.192747623822336463e-12 -2.362742611958042229e-11 -6.391093955776095428e-11 -3.047661416214051016e-10 1.577373609356409783e-08 -4.405859275717468339e-10 -1.387989088306077167e-10 -6.272282451846905898e-11 -2.445932114920026123e-11 -6.244415725227258704e-12 -1.712335638621063039e-12 -2.160282817202710975e-12
-1.185143381351308087e-12 4.160353786262146230e-13 1.864072071300904179e-12 1.846106487681510092e-12 -6.522157362548253388e-12 -3.568002675541613058e-11 -9.404601018436952241e-11 -4.405859275717359772e-10 2.221686190461140321e-08 -6.117962647630603228e-10 -1.395653718413619642e-10 -7.318993179454131958e-11 -2.685817528944624317e-11 -4.596472502020296489e-12 1.313958393006645205e-12
-1.322467459144720032e-12 3.449110485034531549e-13 1.873710243060011856e-12 4.104888100434658375e-12 3.948019268115830104e-12 -1.058130042092210217e-11 -5.869144984327312311e-11 -1.387989088306162212e-10 -6.117962647630668369e-10 3.056471680228760946e-08 -5.930537100875402328e-10 -1.495421296340436485e-10 -8.252467860218477394e-11 -2.721233588626442682e-11 -3.495529198022324744e-12
-1.852083885390121299e-12 -5.665265819783621711e-13 5.043776920068214674e-13 2.436793275068783251e-12 3.971280548901896262e-12 -1.545502251526398560e-12 -1.714454706901921317e-11 -6.272282451846784406e-11 -1.395653718413539251e-10 -5.930537100875709419e-10 2.918516048054932054e-08 -5.607584294195489296e-10 -1.654892991710618080e-10 -8.696236945029610364e-11 -3.584927988876881835e-11
-3.140485614722146774e-12 -3.390688971649583061e-12 -3.477870266901515031e-12 -4.216387027068257149e-12 -5.794149918694611269e-12 -4.614054009152920692e-12 -6.698787995780272230e-12 -2.445932114920012229e-11 -7.318993179454290932e-11 -1.495421296340409085e-10 -5.607584294195416918e-10 3.956916482681133546e-10 -1.713057127041064455e-11 -6.116439161304626735e-12 -4.497989097327649837e-12
-2.877624081351646022e-12 -3.258685460404922687e-12 -3.956910428269526077e-12 -5.737462228543897555e-12 -5.392320413530445733e-12 -4.337796890101673439e-12 -2.981030564824052983e-12 -6.244415725226857230e-12 -2.685817528944609130e-11 -8.252467860218750105e-11 -1.654892991710627386e-10 -1.713057127041012756e-11 2.619920195809708207e-10 -8.287479615172765883e-12 -3.508841287562814186e-12
-2.829969266326382301e-12 -3.347113256593769400e-12 -4.836755831885643769e-12 -5.034179821780482357e-12 -4.883280088719701864e-12 -4.877772278717890315e-12 -3.740387921421818611e-12 -1.712335638620977817e-12 -4.596472502021353083e-12 -2.721233588626368042e-11 -8.696236945029628458e-11 -6.116439161304568573e-12 -8.287479615172772346e-12 2.478983547341626644e-10 -1.049547044268240666e-11
-3.078785168055476750e-12 -3.900513923388577194e-12 -4.226026784633100727e-12 -4.353740676127049712e-12 -4.807638203976513347e-12 -5.053379621737460528e-12 -4.499298934502733079e-12 -2.160282817202658469e-12 1.313958393006865329e-12 -3.495529198022767011e-12 -3.584927988876868264e-11 -4.497989097327653876e-12 -3.508841287562835189e-12 -1.049547044268219824e-11 6.005519290659687189e-10
