1.208820335528369384e-10 -2.720655892056550304e-11 -3.058405858558471341e-11 -2.462693707440045562e-11 -1.166331702479972165e-11 -4.826317621458950283e-12 -3.322618723242531907e-12 -3.928395221111018198e-12 -4.456189658218696948e-12 -5.005229772835989637e-12 -6.333566085075274934e-12 -9.050302531949051997e-12 -8.328610796754189773e-12 -8.219224710311622284e-12 -8.929359268503607223e-12
-2.720655892056547719e-11 4.106134724369202945e-10 -2.182136863678848004e-11 -1.089611400220636049e-11 -7.619797860557708314e-12 -2.767584483743557130e-12 -5.274745033935433705e-14 6.830005403520136633e-13 4.445903013534566052e-13 2.601712914028412166e-13 -1.168794022546524558e-12 -5.594541040358719943e-12 -5.478975620482022741e-12 -5.579618389528299254e-12 -6.327941357510756105e-12
-3.058405858558467463e-11 -2.182136863678932984e-11 1.316318678927333040e-09 -4.761314455507152695e-11 -1.796491576800864052e-11 -1.122787698073155656e-11 -3.555872716455138072e-12 1.336699788038680399e-12 2.935010405585595510e-12 2.890799732134219934e-12 7.673844393017861205e-13 -5.763636728890279286e-12 -6.618156872658159958e-12 -7.723550797662537636e-12 -6.487272927168016309e-12
-2.462693707440043946e-11 -1.089611400220611977e-11 -4.761314455507127492e-11 2.848031601883674127e-09 -9.521431004498177801e-11 -3.251643883880169882e-11 -1.940889499399764726e-11 -5.441973827217155720e-12 2.834258546398971442e-12 5.790789440429708016e-12 3.132620382051764249e-12 -7.294919161353470016e-12 -9.368714010790107274e-12 -8.271585843583464997e-12 -7.115545225954303872e-12
-1.166331702479972326e-11 -7.619797860557842408e-12 -1.796491576800885378e-11 -9.521431004498313510e-11 5.255641485258878743e-09 -1.668603769057831045e-10 -5.327696433814837883e-11 -3.037795137116259949e-11 -8.223945587460327832e-12 5.232004831664647388e-12 4.453972475382413179e-12 -1.065040683085452572e-11 -9.922320545031751280e-12 -9.209737659643396133e-12 -9.084930346174540430e-12
-4.826317621458950283e-12 -2.767584483743467869e-12 -1.122787698073141924e-11 -3.251643883880178283e-11 -1.668603769057841902e-10 8.891510855953278322e-09 -2.606468404079609392e-10 -8.047124780822166879e-11 -4.493815072003263818e-11 -1.329901737945627330e-11 -2.966801204913869384e-12 -9.924527237681497826e-12 -9.492769575092511253e-12 -1.016065303352354212e-11 -1.043432482519810438e-11
-3.322618723242535946e-12 -5.274745033939433546e-14 -3.555872716455165941e-12 -1.940889499399802207e-11 -5.327696433814922539e-11 -2.606468404079696246e-10 1.339161230011965224e-08 -3.765484873325329848e-10 -1.160179033358061334e-10 -7.215941470490814167e-11 -2.220853502724395052e-11 -1.250475301230438686e-11 -7.942728121301375943e-12 -9.043902327558585952e-12 -9.964356867979441044e-12
-3.928395221111025469e-12 6.830005403520436526e-13 1.336699788038824994e-12 -5.441973827216752631e-12 -3.037795137116221175e-11 -8.047124780822314220e-11 -3.765484873325329848e-10 1.939136159077157358e-08 -5.387113283121441886e-10 -1.682289101640714824e-10 -7.769150527264735224e-11 -3.489896189006746284e-11 -1.194767391777915629e-11 -6.849323560723696052e-12 -7.441192729618522641e-12
-4.456189658218700987e-12 4.445903013535177955e-13 2.935010405585409314e-12 2.834258546398682656e-12 -8.223945587459770455e-12 -4.493815072003186916e-11 -1.160179033358060946e-10 -5.387113283121387085e-10 2.661532705643534899e-08 -7.214767635783298894e-10 -1.682923658047406078e-10 -9.655220582584263999e-11 -3.721340650274382782e-11 -1.007815712894419012e-11 -3.124312298579298070e-12
-5.005229772835980751e-12 2.601712914027922441e-13 2.890799732133978403e-12 5.790789440430098988e-12 5.232004831664541567e-12 -1.329901737945627491e-11 -7.215941470490931782e-11 -1.682289101640722062e-10 -7.214767635783143798e-10 3.558644495268174656e-08 -6.806545436314762085e-10 -1.891292980669211273e-10 -1.057376955710095450e-10 -3.754139557468099488e-11 -9.000345822143223235e-12
-6.333566085075282204e-12 -1.168794022546539300e-12 7.673844393020087686e-13 3.132620382051925808e-12 4.453972475382787187e-12 -2.966801204914534198e-12 -2.220853502724427041e-11 -7.769150527264634412e-11 -1.682923658047410214e-10 -6.806545436314914080e-10 3.342216402414231084e-08 -6.449283128166322737e-10 -1.975355653242375999e-10 -1.049039248384259240e-10 -4.411115171622397084e-11
-9.050302531949053613e-12 -5.594541040358718327e-12 -5.763636728890278478e-12 -7.294919161353442551e-12 -1.065040683085456772e-11 -9.924527237681513982e-12 -1.250475301230434324e-11 -3.489896189006699755e-11 -9.655220582584141215e-11 -1.891292980669205845e-10 -6.449283128166355825e-10 4.745262335648130927e-10 -1.904411177780323021e-11 -6.212796044086730244e-12 -4.362860753494019268e-12
-8.328610796754191389e-12 -5.478975620482016279e-12 -6.618156872658185000e-12 -9.368714010790071732e-12 -9.922320545031562256e-12 -9.492769575092593648e-12 -7.942728121301657055e-12 -1.194767391777872008e-11 -3.721340650274433189e-11 -1.057376955710105143e-10 -1.975355653242336966e-10 -1.904411177780343378e-11 3.153693791013742952e-10 -8.776779417795100718e-12 -3.351382699456013785e-12
-8.219224710311622284e-12 -5.579618389528283906e-12 -7.723550797662548945e-12 -8.271585843583414914e-12 -9.209737659643465603e-12 -1.016065303352340965e-11 -9.043902327558846061e-12 -6.849323560723919003e-12 -1.007815712894408834e-11 -3.754139557468058129e-11 -1.049039248384259111e-10 -6.212796044086830410e-12 -8.776779417795099103e-12 3.071216225938459778e-10 -1.182853688307197962e-11
-8.929359268503608839e-12 -6.327941357510750451e-12 -6.487272927168033272e-12 -7.115545225954306295e-12 -9.084930346174580819e-12 -1.043432482519817708e-11 -9.964356867979735081e-12 -7.441192729618630885e-12 -3.124312298579692273e-12 -9.000345822143271703e-12 -4.411115171622338923e-11 -4.362860753494056426e-12 -3.351382699456129703e-12 -1.182853688307207333e-11 7.248160447100950597e-10
