1.033389132235299100e-10 -2.362877925567370431e-11 -2.595261785365208208e-11 -2.092491397094032137e-11 -9.914659725439530502e-12 -4.092580225255656611e-12 -2.781511587232565033e-12 -3.291913491271103336e-12 -3.742110531881141836e-12 -4.200331256776495870e-12 -5.330593931809352875e-12 -7.676260629787765214e-12 -7.058425002771020909e-12 -6.959100330141353506e-12 -7.577496845770871676e-12
-2.362877925567367523e-11 3.963195975473309627e-10 -2.161519647537298637e-11 -1.109364800410238422e-11 -7.574570837801282952e-12 -2.764519263236373707e-12 -1.198353629686842312e-14 7.307985998997646078e-13 5.105949089964066987e-13 3.386571690890023584e-13 -1.003274791218041914e-12 -5.211206895609378819e-12 -5.051276775176331659e-12 -5.190866279880424931e-12 -6.045970889350884115e-12
-2.595261785365203684e-11 -2.161519647537246938e-11 1.283353572674536619e-09 -4.948182539158407742e-11 -1.816077592163954298e-11 -1.146023766268531866e-11 -3.646143816622041962e-12 1.359120660911478946e-12 3.066869656966164170e-12 3.031366826394974694e-12 1.164160849695208022e-12 -4.562677311904777073e-12 -5.370885067426379884e-12 -6.705973337973826926e-12 -5.665066877578169727e-12
-2.092491397094033752e-11 -1.109364800410219681e-11 -4.948182539158451039e-11 2.938562468549554383e-09 -9.879833131110143619e-11 -3.414188943628116564e-11 -2.069705287184140375e-11 -6.041643677658967024e-12 3.013354741539719676e-12 6.278159267645693446e-12 3.976328341687648835e-12 -5.732866691286033223e-12 -8.071153134541644872e-12 -6.987224954084746121e-12 -5.857484224000457862e-12
-9.914659725439511115e-12 -7.574570837801177939e-12 -1.816077592163951066e-11 -9.879833131110204365e-11 5.527063208971139280e-09 -1.775318151806048320e-10 -5.805308435292316676e-11 -3.409483582686876030e-11 -9.240662984670911882e-12 5.870528985857849634e-12 5.994604650558037308e-12 -8.245289086455211692e-12 -7.635001033338941311e-12 -6.838192378899142125e-12 -6.624881460054848834e-12
-4.092580225255662266e-12 -2.764519263236419347e-12 -1.146023766268491961e-11 -3.414188943628127550e-11 -1.775318151806005410e-10 9.648546852172237055e-09 -2.897368543895522107e-10 -9.224043615880969738e-11 -5.146108832267008085e-11 -1.534611156504088035e-11 -2.141260922096393935e-12 -6.640915362155293976e-12 -6.201292764988096783e-12 -6.900404462306559807e-12 -7.025361686529505934e-12
-2.781511587232572707e-12 -1.198353629683905540e-14 -3.646143816622088007e-12 -2.069705287184162670e-11 -5.805308435292573878e-11 -2.897368543895511250e-10 1.521971696114618752e-08 -4.413514969475986878e-10 -1.361594735424822333e-10 -8.569883092561280028e-11 -2.510762228494206402e-11 -9.704813757925848606e-12 -4.226703597494419651e-12 -5.230473563371115761e-12 -6.164616062173874137e-12
-3.291913491271095662e-12 7.307985998997305795e-13 1.359120660911478340e-12 -6.041643677658989642e-12 -3.409483582686980720e-11 -9.224043615881151977e-11 -4.413514969475903125e-10 2.280908021264855611e-08 -6.403957901656750157e-10 -2.017581647600593614e-10 -9.179316728911108811e-11 -3.543444475480378934e-11 -8.920736944002617916e-12 -2.184480463701562903e-12 -2.574886849588058750e-12
-3.742110531881139413e-12 5.105949089963912497e-13 3.066869656966200117e-12 3.013354741539319818e-12 -9.240662984671257617e-12 -5.146108832266991283e-11 -1.361594735424858005e-10 -6.403957901656705696e-10 3.232390387338519208e-08 -8.976311034915038990e-10 -2.063460248305368421e-10 -1.073074430700357599e-10 -3.910413397474236432e-11 -6.267477316796669665e-12 2.745132260747012563e-12
-4.200331256776501524e-12 3.386571690889858996e-13 3.031366826394865642e-12 6.278159267645573892e-12 5.870528985857944954e-12 -1.534611156504018242e-11 -8.569883092560933646e-11 -2.017581647600589478e-10 -8.976311034915136184e-10 4.411401760838377939e-08 -8.609505066555701344e-10 -2.152666610944385402e-10 -1.185798386943237895e-10 -3.858560041866982763e-11 -3.881654363289023897e-12
-5.330593931809373070e-12 -1.003274791217970828e-12 1.164160849695300716e-12 3.976328341687366107e-12 5.994604650558000150e-12 -2.141260922096393127e-12 -2.510762228494308831e-11 -9.179316728911011875e-11 -2.063460248305334817e-10 -8.609505066555625864e-10 4.256884703192697771e-08 -8.115942092280479874e-10 -2.374527375633186968e-10 -1.240839889763170388e-10 -5.016948122637386935e-11
-7.676260629787761983e-12 -5.211206895609356200e-12 -4.562677311904676099e-12 -5.732866691285866009e-12 -8.245289086455197152e-12 -6.640915362154964396e-12 -9.704813757926181417e-12 -3.543444475480329820e-11 -1.073074430700361477e-10 -2.152666610944416421e-10 -8.115942092280523301e-10 5.700230291532009550e-10 -2.529694231325016837e-11 -8.842425229912824766e-12 -6.423127924079316403e-12
-7.058425002771019294e-12 -5.051276775176362355e-12 -5.370885067426300720e-12 -8.071153134541633563e-12 -7.635001033339262812e-12 -6.201292764988297116e-12 -4.226703597494155503e-12 -8.920736944003170446e-12 -3.910413397474209290e-11 -1.185798386943264520e-10 -2.374527375633182315e-10 -2.529694231324997450e-11 4.090278188939368303e-10 -1.245306593628635241e-11 -5.139043197109184413e-12
-6.959100330141352698e-12 -5.190866279880436240e-12 -6.705973337973839850e-12 -6.987224954084771162e-12 -6.838192378899211595e-12 -6.900404462306587272e-12 -5.230473563371139995e-12 -2.184480463701634797e-12 -6.267477316796978242e-12 -3.858560041866930418e-11 -1.240839889763154879e-10 -8.842425229912957244e-12 -1.245306593628638957e-11 4.070128555534842018e-10 -1.651986516019409591e-11
-7.577496845770873291e-12 -6.045970889350889769e-12 -5.665066877578168111e-12 -5.857484224000444937e-12 -6.624881460054683236e-12 -7.025361686529465544e-12 -6.164616062174017924e-12 -2.574886849588183958e-12 2.745132260746457608e-12 -3.881654363288807408e-12 -5.016948122637384350e-11 -6.423127924079388297e-12 -5.139043197109139985e-12 -1.651986516019411853e-11 9.782943215444203930e-10
