6.320328868747677051e-11 -1.521786922629796959e-11 -1.553983881875874969e-11 -1.257450252476268038e-11 -5.977801951484097879e-12 -2.443093356502998887e-12 -1.628748734669430131e-12 -1.925816353220328711e-12 -2.203225225513472531e-12 -2.474165356183994878e-12 -3.172579494349547726e-12 -4.664184715453083171e-12 -4.287108668126368558e-12 -4.224406417633487445e-12 -4.604884478752807996e-12
-1.521786922629795343e-11 3.452657307586217032e-10 -1.972356789927060657e-11 -1.021064568189143217e-11 -6.853180433021314923e-12 -2.453261110066340354e-12 -7.855691060611546692e-14 5.531356830166892976e-13 3.455459027042569186e-13 1.972742145483467701e-13 -1.121787681351541149e-12 -5.233236329297768660e-12 -5.065544710017299520e-12 -5.145746425861984314e-12 -5.860644514287125871e-12
-1.553983881875875292e-11 -1.972356789927045148e-11 1.096613670235276855e-09 -3.966079785741288444e-11 -1.569121884531419995e-11 -9.539690018264734905e-12 -3.105004508025073628e-12 9.653449613827738789e-13 2.310419166178353525e-12 2.281851917534955805e-12 4.387295443882878600e-13 -5.177342234856307648e-12 -5.809215210777451529e-12 -6.786418488270675464e-12 -5.874164988569982896e-12
-1.257450252476273046e-11 -1.021064568189128030e-11 -3.966079785741274227e-11 2.307242279826534652e-09 -7.887577953878917422e-11 -2.680245406415107662e-11 -1.617656871458468303e-11 -4.725153415092800322e-12 2.181490441946796228e-12 4.672030165447698834e-12 2.665285882380987422e-12 -5.407314630142794068e-12 -7.153958427686941772e-12 -6.265979773855760206e-12 -5.430377898496811010e-12
-5.977801951484094647e-12 -6.853180433021390048e-12 -1.569121884531445198e-11 -7.887577953878920007e-11 4.307513370213048293e-09 -1.354405101873743709e-10 -4.397867418993279518e-11 -2.554932308703249169e-11 -6.980691538366395248e-12 4.396764681191976606e-12 4.184550649926906343e-12 -7.444558416485055519e-12 -6.902572592661757292e-12 -6.261580609270001489e-12 -6.207213049570159216e-12
-2.443093356503006158e-12 -2.453261110066385994e-12 -9.539690018264814068e-12 -2.680245406414991663e-11 -1.354405101873751463e-10 7.192318113548811098e-09 -2.162589133394375427e-10 -6.771305711607289660e-11 -3.795036361315697197e-11 -1.140233750138848348e-11 -1.838129661461830747e-12 -5.351187058534533567e-12 -5.082253260197095190e-12 -5.619714520555041459e-12 -5.874260693216725232e-12
-1.628748734669425688e-12 -7.855691060608188038e-14 -3.105004508025045759e-12 -1.617656871458491567e-11 -4.397867418993143808e-11 -2.162589133394422732e-10 1.115490173183252359e-08 -3.194663685317296438e-10 -9.927536130746637729e-11 -6.234980390707083336e-11 -1.842036574852965634e-11 -7.283866247267244458e-12 -3.382817779656576349e-12 -4.178087904075302411e-12 -5.080975216340085512e-12
-1.925816353220327095e-12 5.531356830167007077e-13 9.653449613826763378e-13 -4.725153415092742161e-12 -2.554932308703301514e-11 -6.771305711607112592e-11 -3.194663685317291785e-10 1.668085191748307739e-08 -4.632105874144278835e-10 -1.471256579480366442e-10 -6.695354989945775356e-11 -2.618662424791825477e-11 -6.884964109079646668e-12 -2.048623847838477711e-12 -2.673636536425878031e-12
-2.203225225513471319e-12 3.455459027043192702e-13 2.310419166178444401e-12 2.181490441946797439e-12 -6.980691538366039819e-12 -3.795036361315687504e-11 -9.927536130746473586e-11 -4.632105874144498038e-10 2.333186932662033948e-08 -6.472173318580971141e-10 -1.477103574941135655e-10 -7.599628086648313705e-11 -2.783569534023164559e-11 -4.346565579554161201e-12 1.690531444512526121e-12
-2.474165356184006591e-12 1.972742145483110757e-13 2.281851917534923897e-12 4.672030165448204513e-12 4.396764681191794853e-12 -1.140233750138874520e-11 -6.234980390707005787e-11 -1.471256579480358429e-10 -6.472173318581029044e-10 3.179702181699644445e-08 -6.136058327833452479e-10 -1.499383413390056212e-10 -8.419454863962541934e-11 -2.754974062057476069e-11 -3.186852275491995555e-12
-3.172579494349552977e-12 -1.121787681351498740e-12 4.387295443882832152e-13 2.665285882381104148e-12 4.184550649927113946e-12 -1.838129661461896582e-12 -1.842036574852935584e-11 -6.695354989945553051e-11 -1.477103574941080855e-10 -6.136058327833460751e-10 3.092655002462934749e-08 -5.918587989455829381e-10 -1.755502475796522921e-10 -9.235477834833775173e-11 -3.817353191638508670e-11
-4.664184715453084787e-12 -5.233236329297765429e-12 -5.177342234856300378e-12 -5.407314630142823957e-12 -7.444558416485333400e-12 -5.351187058534362314e-12 -7.283866247266961730e-12 -2.618662424791738881e-11 -7.599628086648179288e-11 -1.499383413390012268e-10 -5.918587989455780784e-10 4.406322720612980392e-10 -1.882674478573000610e-11 -6.569475321689635831e-12 -4.730594990638164100e-12
-4.287108668126368558e-12 -5.065544710017313252e-12 -5.809215210777420833e-12 -7.153958427686998318e-12 -6.902572592661547266e-12 -5.082253260197028143e-12 -3.382817779656322298e-12 -6.884964109079497226e-12 -2.783569534023230475e-11 -8.419454863962729342e-11 -1.755502475796524730e-10 -1.882674478572980254e-11 2.971829201681172028e-10 -8.951147400565551216e-12 -3.684964946225172293e-12
-4.224406417633487445e-12 -5.145746425861999662e-12 -6.786418488270698890e-12 -6.265979773855664886e-12 -6.261580609269959483e-12 -5.619714520554950178e-12 -4.178087904075653801e-12 -2.048623847838381583e-12 -4.346565579554519862e-12 -2.754974062057469606e-11 -9.235477834833875986e-11 -6.569475321689432267e-12 -8.951147400565719237e-12 2.937426074714327435e-10 -1.171149018429813765e-11
-4.604884478752807996e-12 -5.860644514287115369e-12 -5.874164988569972395e-12 -5.430377898496803739e-12 -6.207213049570211723e-12 -5.874260693216747042e-12 -5.080975216340348853e-12 -2.673636536425946290e-12 1.690531444512106472e-12 -3.186852275492364717e-12 -3.817353191638579756e-11 -4.730594990638063934e-12 -3.684964946225130287e-12 -1.171149018429806333e-11 6.922534983736640078e-10
