8.563185312278164566e-11 -1.914460983462720522e-11 -2.183193007445769980e-11 -1.753518166526628762e-11 -8.291659351630020244e-12 -3.452109929603097214e-12 -2.392582920717713799e-12 -2.831723106163127810e-12 -3.205481471007697826e-12 -3.589067573611834611e-12 -4.535856627580058414e-12 -6.411963425646653727e-12 -5.901255386005042297e-12 -5.824562336732258968e-12 -6.328010437670753488e-12
-1.914460983462720845e-11 2.778426936751518122e-10 -1.451708218669931969e-11 -7.179567642657647341e-12 -5.032113539086029234e-12 -1.846254539220271049e-12 -5.439709834417073033e-15 4.897339697340640624e-13 3.311526349172770859e-13 2.409625632359659061e-13 -7.563730965621053095e-13 -3.742259605240569269e-12 -3.666153979534552375e-12 -3.729411089117584990e-12 -4.230695564338763533e-12
-2.183193007445769980e-11 -1.451708218669943116e-11 8.875524102249581615e-10 -3.219378230399735343e-11 -1.192780172259098945e-11 -7.554208633111502312e-12 -2.358173073882218475e-12 9.519917402063597326e-13 2.037338892357461480e-12 2.065039905453918228e-12 5.809873533476348925e-13 -3.827998516100484356e-12 -4.398005988335196615e-12 -5.140495084853549276e-12 -4.299437547595776027e-12
-1.753518166526628762e-11 -7.179567642657678037e-12 -3.219378230399809013e-11 1.958713917014876644e-09 -6.467845009284249359e-11 -2.231848512655784339e-11 -1.332882302639519265e-11 -3.776285041373628062e-12 1.867736918756065232e-12 3.944079196733898995e-12 2.055393132589069480e-12 -5.020872197740680001e-12 -6.439677672911716862e-12 -5.682450314974860238e-12 -4.881665685660917463e-12
-8.291659351630021860e-12 -5.032113539086116476e-12 -1.192780172259065826e-11 -6.467845009284266161e-11 3.599954135580831416e-09 -1.138102878648888137e-10 -3.645133009993181858e-11 -2.080409843100049910e-11 -5.645100241954635366e-12 3.594425370164750281e-12 2.969679479424839941e-12 -7.268776393401075377e-12 -6.772429566646420739e-12 -6.286561486636746834e-12 -6.201398644159929421e-12
-3.452109929603094386e-12 -1.846254539220307804e-12 -7.554208633111573398e-12 -2.231848512655703883e-11 -1.138102878648924197e-10 6.028322990492907006e-09 -1.761718403109384588e-10 -5.467398827779469390e-11 -3.041721347025888324e-11 -8.973460236624128974e-12 -2.039658048244407600e-12 -6.743586928849995221e-12 -6.441376605949080360e-12 -6.890834656290918878e-12 -7.076601729869827284e-12
-2.392582920717714203e-12 -5.439709834428588824e-15 -2.358173073882243920e-12 -1.332882302639506664e-11 -3.645133009993245836e-11 -1.761718403109385363e-10 9.087808572696022234e-09 -2.533603086239344145e-10 -7.857961035003676232e-11 -4.902019449033287098e-11 -1.506957288006625105e-11 -8.499048496009657867e-12 -5.395077242495969850e-12 -6.140053975712729741e-12 -6.763696691331605261e-12
-2.831723106163134272e-12 4.897339697340843583e-13 9.519917402064580815e-13 -3.776285041373607059e-12 -2.080409843099986579e-11 -5.467398827779500409e-11 -2.533603086239373614e-10 1.309910029556967448e-08 -3.623904553011309009e-10 -1.139388221730188756e-10 -5.236325047936353659e-11 -2.365798741141220092e-11 -8.127836526325315646e-12 -4.676856020816427073e-12 -5.073444200005292098e-12
-3.205481471007697423e-12 3.311526349172723401e-13 2.037338892357438054e-12 1.867736918755904481e-12 -5.645100241954069103e-12 -3.041721347025943254e-11 -7.857961035003820989e-11 -3.623904553011342097e-10 1.800703418160855694e-08 -4.933762793128967160e-10 -1.138480937418209540e-10 -6.547843668710129000e-11 -2.520075735516064437e-11 -6.817457482771120799e-12 -2.115326349853749730e-12
-3.589067573611826533e-12 2.409625632359748423e-13 2.065039905453841084e-12 3.944079196733757631e-12 3.594425370165220821e-12 -8.973460236625127407e-12 -4.902019449033298084e-11 -1.139388221730178933e-10 -4.933762793128998179e-10 2.423402375749138829e-08 -4.593151828900818506e-10 -1.287791631691296213e-10 -7.190185186342373223e-11 -2.554862107747934914e-11 -6.155504963733556324e-12
-4.535856627580064069e-12 -7.563730965621375203e-13 5.809873533477049686e-13 2.055393132589186206e-12 2.969679479424141199e-12 -2.039658048244554214e-12 -1.506957288006515245e-11 -5.236325047936269649e-11 -1.138480937418175936e-10 -4.593151828900880028e-10 2.252234735051693046e-08 -4.357380225624068141e-10 -1.335626494774476669e-10 -7.086360065926661749e-11 -2.979256735797324424e-11
-6.411963425646652919e-12 -3.742259605240554729e-12 -3.827998516100495665e-12 -5.020872197740666268e-12 -7.268776393401025294e-12 -6.743586928849954023e-12 -8.499048496009557700e-12 -2.365798741141253373e-11 -6.547843668710110905e-11 -1.287791631691284322e-10 -4.357380225624014891e-10 3.037018384586146097e-10 -1.225468229388616244e-11 -4.008450896634946938e-12 -2.807447931690546312e-12
-5.901255386005040682e-12 -3.666153979534547529e-12 -4.398005988335213578e-12 -6.439677672911683742e-12 -6.772429566646398928e-12 -6.441376605949090054e-12 -5.395077242495629769e-12 -8.127836526325643610e-12 -2.520075735516108704e-11 -7.190185186342263363e-11 -1.335626494774492696e-10 -1.225468229388593303e-11 2.039875931575266584e-10 -5.681754159562579134e-12 -2.137608770525384971e-12
-5.824562336732258968e-12 -3.729411089117580951e-12 -5.140495084853563816e-12 -5.682450314974925669e-12 -6.286561486636674941e-12 -6.890834656290757320e-12 -6.140053975712781440e-12 -4.676856020816479580e-12 -6.817457482770777486e-12 -2.554862107747958178e-11 -7.086360065926902148e-11 -4.008450896634716717e-12 -5.681754159562492700e-12 1.904872508252556164e-10 -7.245551925703285537e-12
-6.328010437670755911e-12 -4.230695564338765956e-12 -4.299437547595780873e-12 -4.881665685660885151e-12 -6.201398644159958502e-12 -7.076601729869716616e-12 -6.763696691331517212e-12 -5.073444200005299368e-12 -2.115326349853541723e-12 -6.155504963734032922e-12 -2.979256735797284358e-11 -2.807447931690540658e-12 -2.137608770525364776e-12 -7.245551925703253225e-12 4.670873847511960874e-10
