1.006015064141880320e-10 -2.316362636720310970e-11 -2.529039730423592145e-11 -2.038507429734851471e-11 -9.657818361006670002e-12 -3.984188442515079042e-12 -2.710354088297193290e-12 -3.208334201755419354e-12 -3.645566989598879183e-12 -4.092545138524606153e-12 -5.192276557515947417e-12 -7.460554717802905512e-12 -6.861488503366543527e-12 -6.765456970441143499e-12 -7.367357926462668819e-12
-2.316362636720312585e-11 3.909419670999391869e-10 -2.170081528746720775e-11 -1.098210649227078391e-11 -7.476502694468037644e-12 -2.719210783699791036e-12 -1.733705375784834606e-14 7.131270997282008440e-13 5.014394461545713427e-13 3.299780325351404931e-13 -9.943620853066991113e-13 -5.120569036124889083e-12 -4.966612152368733474e-12 -5.114951940860758127e-12 -5.967352266654198079e-12
-2.529039730423590529e-11 -2.170081528746678446e-11 1.287684798821372807e-09 -5.041067449037468272e-11 -1.827901701558196802e-11 -1.145897877616242727e-11 -3.671675773916302063e-12 1.324488400562233036e-12 3.033965211881756313e-12 2.996334020457863932e-12 1.107896629811305752e-12 -4.654689737764374356e-12 -5.472947069554734598e-12 -6.818539423363826869e-12 -5.790226537030277408e-12
-2.038507429734852440e-11 -1.098210649227056742e-11 -5.041067449037508339e-11 2.936010895727674542e-09 -9.824718177901148592e-11 -3.404923583787734950e-11 -2.068781155327441724e-11 -6.056362416692409469e-12 2.988058253313096947e-12 6.249043795669686037e-12 3.945208596617986347e-12 -5.764309647896111653e-12 -8.115467053513849374e-12 -7.058490889239582895e-12 -5.970897996960751415e-12
-9.657818361006657077e-12 -7.476502694467837312e-12 -1.827901701558266272e-11 -9.824718177901179611e-11 5.514786333019248245e-09 -1.778517396122310231e-10 -5.805316264635079994e-11 -3.409413195928496441e-11 -9.243886290829455262e-12 5.842106984115674849e-12 5.986851658500853795e-12 -8.249024520254168073e-12 -7.665419625721362131e-12 -6.917247667306471989e-12 -6.775430398719494693e-12
-3.984188442515081465e-12 -2.719210783699775688e-12 -1.145897877616257591e-11 -3.404923583787759507e-11 -1.778517396122325483e-10 9.659390011203490633e-09 -2.909213710387422045e-10 -9.248314868065294203e-11 -5.154049667908526456e-11 -1.538128100688520488e-11 -2.135409909975570015e-12 -6.650429300980025623e-12 -6.256494623055374691e-12 -7.033015820045334209e-12 -7.273653932545336827e-12
-2.710354088297179558e-12 -1.733705375788698763e-14 -3.671675773916018527e-12 -2.068781155327332833e-11 -5.805316264634987582e-11 -2.909213710387522341e-10 1.522180539966755918e-08 -4.431051190715925485e-10 -1.359800275798787362e-10 -8.568657769071804043e-11 -2.502476602978889949e-11 -9.769375718411643419e-12 -4.346162350633782993e-12 -5.462930577136214083e-12 -6.563462281941743004e-12
-3.208334201755432683e-12 7.131270997281761053e-13 1.324488400562232430e-12 -6.056362416692571835e-12 -3.409413195928331004e-11 -9.248314868064921972e-11 -4.431051190715961674e-10 2.278960482562204588e-08 -6.392130140412519659e-10 -2.016948543784632294e-10 -9.121932497986305132e-11 -3.548856654854971301e-11 -9.029821426725244710e-12 -2.468524405306152980e-12 -3.114951993630434748e-12
-3.645566989598869490e-12 5.014394461545719485e-13 3.033965211881614545e-12 2.988058253312878439e-12 -9.243886290829653979e-12 -5.154049667908403671e-11 -1.359800275798884556e-10 -6.392130140412440043e-10 3.232099070968317879e-08 -8.993526114521772379e-10 -2.050847615119201152e-10 -1.074107319827052979e-10 -3.923791194953369297e-11 -6.631831274239697782e-12 1.994808841167214161e-12
-4.092545138524607768e-12 3.299780325351139873e-13 2.996334020458172913e-12 6.249043795670114168e-12 5.842106984115409085e-12 -1.538128100688567986e-11 -8.568657769071814382e-11 -2.016948543784560950e-10 -8.993526114521656574e-10 4.412114256884774049e-08 -8.549653637034932655e-10 -2.160653887906814071e-10 -1.191474649058788151e-10 -3.930413862516105767e-11 -5.054499916123269864e-12
-5.192276557515936108e-12 -9.943620853067104204e-13 1.107896629811149848e-12 3.945208596618113170e-12 5.986851658500845717e-12 -2.135409909975549012e-12 -2.502476602978776534e-11 -9.121932497986435671e-11 -2.050847615119255177e-10 -8.549653637035224236e-10 4.251057342906342985e-08 -8.172223003820364738e-10 -2.411542479074265587e-10 -1.265833861909418171e-10 -5.208124106196571053e-11
-7.460554717802908743e-12 -5.120569036124889083e-12 -4.654689737764371933e-12 -5.764309647896064801e-12 -8.249024520254158380e-12 -6.650429300980250997e-12 -9.769375718411202363e-12 -3.548856654854989396e-11 -1.074107319827076243e-10 -2.160653887906794426e-10 -8.172223003820532242e-10 6.044465439819310531e-10 -2.570934625165354370e-11 -8.949653713133063437e-12 -6.474590079219167014e-12
-6.861488503366545950e-12 -4.966612152368740744e-12 -5.472947069554709556e-12 -8.115467053513933385e-12 -7.665419625721147258e-12 -6.256494623055519286e-12 -4.346162350633682019e-12 -9.029821426725616295e-12 -3.923791194953417764e-11 -1.191474649058794355e-10 -2.411542479074190107e-10 -2.570934625165410592e-11 4.082615076595422944e-10 -1.230463844469039821e-11 -5.085418045016525231e-12
-6.765456970441142691e-12 -5.114951940860768628e-12 -6.818539423363822022e-12 -7.058490889239549776e-12 -6.917247667306641626e-12 -7.033015820045066021e-12 -5.462930577136663216e-12 -2.468524405305329838e-12 -6.631831274240159032e-12 -3.930413862516005601e-11 -1.265833861909415586e-10 -8.949653713133094133e-12 -1.230463844469050160e-11 4.030941078235997218e-10 -1.628565395802934814e-11
-7.367357926462672050e-12 -5.967352266654199695e-12 -5.790226537030237827e-12 -5.970897996960722334e-12 -6.775430398719525389e-12 -7.273653932545436186e-12 -6.563462281941496627e-12 -3.114951993630633869e-12 1.994808841167741651e-12 -5.054499916123788468e-12 -5.208124106196579454e-11 -6.474590079219169438e-12 -5.085418045016547042e-12 -1.628565395802952585e-11 9.548331845061532413e-10
