8.673488766537520959e-11 -1.972445019669846787e-11 -2.316557460193640441e-11 -2.003338973452382352e-11 -1.053197217328693970e-11 -4.663349343013123984e-12 -2.721823022381571421e-12 -3.024452625670992114e-12 -3.464646241777253642e-12 -3.707665608629090774e-12 -4.547439752814734990e-12 -6.430187168393425247e-12 -5.949465712504482488e-12 -5.884378336426360221e-12 -6.403059203656056240e-12
-1.972445019669847433e-11 2.805187719186358975e-10 -1.636483117065282673e-11 -8.707707241271982248e-12 -6.288702144521648720e-12 -2.663180206667264036e-12 -3.393151177028983174e-13 5.255460214241219860e-13 4.523529322325107447e-13 3.078789744815045328e-13 -7.108574543866716749e-13 -3.728907767753670076e-12 -3.652943110291476800e-12 -3.728891822622715757e-12 -4.239844650336730056e-12
-2.316557460193643995e-11 -1.636483117065260701e-11 8.962075869886729340e-10 -3.673952373216059507e-11 -1.499861241286691097e-11 -9.505064659666522051e-12 -3.534493919546521876e-12 4.659453125087875509e-13 2.181467802605711761e-12 2.407690821271563244e-12 7.503465897958295692e-13 -3.778788602460663501e-12 -4.303440238718187256e-12 -5.057118745745976362e-12 -4.201362592244087671e-12
-2.003338973452380090e-11 -8.707707241271983864e-12 -3.673952373216037535e-11 1.980470404783964755e-09 -7.418984419380530745e-11 -2.833891459899610918e-11 -1.697427997271001210e-11 -5.801760184411871247e-12 1.137835425067994722e-12 4.211921363910471857e-12 2.499157791878530283e-12 -4.943397339319174334e-12 -6.318456421226697370e-12 -5.468477125399407567e-12 -4.621874339034585689e-12
-1.053197217328694777e-11 -6.288702144521769082e-12 -1.499861241286738918e-11 -7.418984419380374357e-11 3.635082753327805374e-09 -1.311054545634033648e-10 -4.666576574810110891e-11 -2.653855216551939047e-11 -8.722262046082211305e-12 2.394178520729479512e-12 3.158353082273193063e-12 -7.157174119730377896e-12 -6.674653504370803817e-12 -6.102296232921429907e-12 -5.924629245524930208e-12
-4.663349343013129639e-12 -2.663180206667254342e-12 -9.505064659666486508e-12 -2.833891459899646461e-11 -1.311054545634010383e-10 6.086975545583111782e-09 -2.036806655020370366e-10 -7.046902228914258023e-11 -3.905170750212678191e-11 -1.367254464811801717e-11 -3.789302613957883124e-12 -6.945428446780034813e-12 -6.289837761048957696e-12 -6.798767525716378299e-12 -6.947916289026130077e-12
-2.721823022381575864e-12 -3.393151177028884724e-13 -3.534493919546404342e-12 -1.697427997270986024e-11 -4.666576574810134802e-11 -2.036806655020387685e-10 9.166110513770980236e-09 -2.935935563244478711e-10 -1.011316120472443987e-10 -6.131926091388648628e-11 -2.072477216053301821e-11 -1.049558377882564102e-11 -5.610774905359508705e-12 -5.880218737702154216e-12 -6.587430317141199862e-12
-3.024452625670994537e-12 5.255460214240938142e-13 4.659453125087174748e-13 -5.801760184411935871e-12 -2.653855216552077341e-11 -7.046902228914172720e-11 -2.935935563244452861e-10 1.321468008734831073e-08 -4.190968030957386872e-10 -1.451182609014841686e-10 -6.679102845576697430e-11 -2.952666335538369375e-11 -1.062141547128035297e-11 -4.824372619581583156e-12 -4.546129940371950590e-12
-3.464646241777251623e-12 4.523529322324944374e-13 2.181467802605758209e-12 1.137835425067993712e-12 -8.722262046082204842e-12 -3.905170750212744107e-11 -1.011316120472444116e-10 -4.190968030957297433e-10 1.817772693137942048e-08 -5.703728175858676080e-10 -1.509009249305980744e-10 -7.827183011697569595e-11 -3.259669034320756108e-11 -9.783128487704275718e-12 -2.476238930435214119e-12
-3.707665608629090774e-12 3.078789744815033716e-13 2.407690821271519219e-12 4.211921363910349072e-12 2.394178520729619664e-12 -1.367254464811731277e-11 -6.131926091388639580e-11 -1.451182609014815578e-10 -5.703728175858715371e-10 2.446074059165402207e-08 -5.496063558104638339e-10 -1.573167424232817086e-10 -8.897979312167209270e-11 -3.478908969722989307e-11 -1.096709653971487465e-11
-4.547439752814735798e-12 -7.108574543866887395e-13 7.503465897958214913e-13 2.499157791878576328e-12 3.158353082273250416e-12 -3.789302613957753069e-12 -2.072477216053235582e-11 -6.679102845576821507e-11 -1.509009249305976608e-10 -5.496063558104812046e-10 2.273359402166265908e-08 -4.809288316119500953e-10 -1.583268796128697212e-10 -8.634360753677001439e-11 -4.026480262564714054e-11
-6.430187168393425247e-12 -3.728907767753678962e-12 -3.778788602460644114e-12 -4.943397339319153331e-12 -7.157174119730465946e-12 -6.945428446779992808e-12 -1.049558377882554085e-11 -2.952666335538359681e-11 -7.827183011697355045e-11 -1.573167424232813984e-10 -4.809288316119515429e-10 3.423989623126457694e-10 -1.310512535874045005e-11 -4.534157615077514149e-12 -3.210755221338204323e-12
-5.949465712504481681e-12 -3.652943110291492148e-12 -4.303440238718194526e-12 -6.318456421226694138e-12 -6.674653504370833706e-12 -6.289837761049032820e-12 -5.610774905359382689e-12 -1.062141547128031096e-11 -3.259669034320736721e-11 -8.897979312167236412e-11 -1.583268796128699280e-10 -1.310512535874035150e-11 2.201064598060603208e-10 -6.760938716581079458e-12 -2.788535093381981313e-12
-5.884378336426359413e-12 -3.728891822622725451e-12 -5.057118745745964245e-12 -5.468477125399355869e-12 -6.102296232921445256e-12 -6.798767525716256322e-12 -5.880218737702095247e-12 -4.824372619582058138e-12 -9.783128487704834711e-12 -3.478908969722884617e-11 -8.634360753677031166e-11 -4.534157615077506879e-12 -6.760938716581064917e-12 1.981971335854529151e-10 -8.500665831530135724e-12
-6.403059203656059471e-12 -4.239844650336730056e-12 -4.201362592244098980e-12 -4.621874339034584074e-12 -5.924629245525013411e-12 -6.947916289026191469e-12 -6.587430317141239444e-12 -4.546129940371965130e-12 -2.476238930435441917e-12 -1.096709653971486819e-11 -4.026480262564692082e-11 -3.210755221338195034e-12 -2.788535093381967177e-12 -8.500665831530122800e-12 4.824599348116520361e-10
