6.725208752304547828e-11 -1.538178540573573116e-11 -1.688490163030073392e-11 -1.360021522590457133e-11 -6.435308608881354600e-12 -2.654941584077995510e-12 -1.802344865274918680e-12 -2.136993448505959683e-12 -2.424914419867508830e-12 -2.718857414476259398e-12 -3.464771109719230649e-12 -4.987452282624539537e-12 -4.586557850353099258e-12 -4.521923239454610857e-12 -4.925561186450515149e-12
-1.538178540573572793e-11 2.617918336687559312e-10 -1.453190750146356987e-11 -7.410348660374986597e-12 -4.991460550939895414e-12 -1.815251660810139393e-12 -5.368980482908862701e-16 4.829018064689723633e-13 3.550448471157075294e-13 2.519250819873689180e-13 -6.661794053212694926e-13 -3.445486240090417408e-12 -3.341212170816110062e-12 -3.435068187390721269e-12 -4.009246975362423023e-12
-1.688490163030071130e-11 -1.453190750146355210e-11 8.574166911744400934e-10 -3.391287500240988199e-11 -1.215712867758386905e-11 -7.625602356330312944e-12 -2.423001091716801061e-12 9.177253959582809602e-13 2.091926149820231350e-12 2.090691063731324235e-12 7.833665291871256937e-13 -3.092702723008881246e-12 -3.628051345459014764e-12 -4.529297922171092904e-12 -3.848482249297604371e-12
-1.360021522590459072e-11 -7.410348660375169158e-12 -3.391287500240924868e-11 2.000852406947260539e-09 -6.643225793196564343e-11 -2.307993331716529631e-11 -1.402166215354947268e-11 -4.147643438386153835e-12 2.000685896847533993e-12 4.234905919557964458e-12 2.618997370867135198e-12 -3.940910605701617385e-12 -5.543095368739209121e-12 -4.822720109619298620e-12 -4.082309125490250420e-12
-6.435308608881356216e-12 -4.991460550939789593e-12 -1.215712867758373819e-11 -6.643225793196927527e-11 3.764681206518477125e-09 -1.210026210750300409e-10 -3.951014926101121667e-11 -2.322333006228862728e-11 -6.292642698100112018e-12 3.981942668527826901e-12 4.020907723665113839e-12 -5.594092238287568158e-12 -5.205771874372013418e-12 -4.698780767245842069e-12 -4.605892729693023578e-12
-2.654941584077982182e-12 -1.815251660810136768e-12 -7.625602356330288711e-12 -2.307993331716468562e-11 -1.210026210750328068e-10 6.542355679319289423e-09 -1.959319104363194909e-10 -6.268877772274580690e-11 -3.484430517559822024e-11 -1.042580192445957213e-11 -1.486362050489066409e-12 -4.526093072181081878e-12 -4.256145910056441684e-12 -4.778871852814524918e-12 -4.944160517800516922e-12
-1.802344865274921104e-12 -5.368980482989174657e-16 -2.423001091716900823e-12 -1.402166215355003975e-11 -3.951014926101049289e-11 -1.959319104363250485e-10 1.030917366347118036e-08 -2.977791404102688911e-10 -9.196902044912061824e-11 -5.817280340315610179e-11 -1.692193934206257327e-11 -6.588343085877694791e-12 -2.917179271098327063e-12 -3.673062461208207537e-12 -4.420203392650694563e-12
-2.136993448505958472e-12 4.829018064689801383e-13 9.177253959581204112e-13 -4.147643438386097289e-12 -2.322333006228845280e-11 -6.268877772274490217e-11 -2.977791404102632559e-10 1.536886514035975197e-08 -4.299018700324889049e-10 -1.365789224132874739e-10 -6.138366895413784066e-11 -2.395792580611578114e-11 -6.119152980027585521e-12 -1.689098798358064110e-12 -2.123233013396739468e-12
-2.424914419867515697e-12 3.550448471157534221e-13 2.091926149820319803e-12 2.000685896847815509e-12 -6.292642698099503749e-12 -3.484430517559818793e-11 -9.196902044912329365e-11 -4.299018700324744809e-10 2.186824119557127348e-08 -6.136917912317667366e-10 -1.386851495501686038e-10 -7.291679517909306506e-11 -2.662459754223507835e-11 -4.521166743068495414e-12 1.311112290015101179e-12
-2.718857414476262225e-12 2.519250819873550340e-13 2.090691063731359374e-12 4.234905919558063009e-12 3.981942668528152442e-12 -1.042580192445915693e-11 -5.817280340315447974e-11 -1.365789224132947376e-10 -6.136917912317805919e-10 2.999284460842090649e-08 -5.750371448387810627e-10 -1.460943915013133705e-10 -8.059048624976612529e-11 -2.657767403027125458e-11 -3.375871379670115749e-12
-3.464771109719246401e-12 -6.661794053212543465e-13 7.833665291870834865e-13 2.618997370867094404e-12 4.020907723664984592e-12 -1.486362050489134668e-12 -1.692193934206244403e-11 -6.138366895413424760e-11 -1.386851495501684746e-10 -5.750371448387991573e-10 2.862122388431749821e-08 -5.509778054286983850e-10 -1.627045591666929647e-10 -8.536836052160084452e-11 -3.512430422012960226e-11
-4.987452282624539537e-12 -3.445486240090417004e-12 -3.092702723008883669e-12 -3.940910605701627079e-12 -5.594092238287537462e-12 -4.526093072181081878e-12 -6.588343085877774763e-12 -2.395792580611640799e-11 -7.291679517909187599e-11 -1.460943915013162398e-10 -5.509778054287031413e-10 3.862194246278167617e-10 -1.663028267731113054e-11 -5.842431472590169046e-12 -4.234844485102651177e-12
-4.586557850353096835e-12 -3.341212170816098349e-12 -3.628051345459062828e-12 -5.543095368739150960e-12 -5.205771874372103083e-12 -4.256145910056387562e-12 -2.917179271098428038e-12 -6.119152980028310111e-12 -2.662459754223525929e-11 -8.059048624976352742e-11 -1.627045591666920599e-10 -1.663028267731135672e-11 2.639660609108135818e-10 -8.010630977556147959e-12 -3.302887165214553782e-12
-4.521923239454613280e-12 -3.435068187390716826e-12 -4.529297922171109060e-12 -4.822720109619324470e-12 -4.698780767245761289e-12 -4.778871852814374669e-12 -3.673062461207919154e-12 -1.689098798358441754e-12 -4.521166743067423472e-12 -2.657767403027261491e-11 -8.536836052160068942e-11 -5.842431472590185202e-12 -8.010630977556277206e-12 2.497428633788306390e-10 -1.001996487991699868e-11
-4.925561186450511110e-12 -4.009246975362432716e-12 -3.848482249297605987e-12 -4.082309125490214070e-12 -4.605892729693068815e-12 -4.944160517800424025e-12 -4.420203392650842389e-12 -2.123233013396743507e-12 1.311112290015570709e-12 -3.375871379669738106e-12 -3.512430422012929853e-11 -4.234844485102715800e-12 -3.302887165214514604e-12 -1.001996487991717155e-11 6.144337336548006395e-10
