3.038201115733252514e-11 -7.157964521069701921e-12 -6.553807919425114009e-12 -5.319049836364982533e-12 -2.551788227493398793e-12 -9.809794429704234786e-13 -5.165032219471042721e-13 -6.181785314921673809e-13 -7.632538229320289714e-13 -8.524895162916578527e-13 -1.246826700728849884e-12 -2.290253462859861775e-12 -2.096203856582995832e-12 -2.059410850253827007e-12 -2.239464284014279764e-12
-7.157964521069680918e-12 1.850177286983854940e-10 -1.165266324099443056e-11 -5.465466315213397602e-12 -3.526687484865545217e-12 -1.247366762561852667e-12 1.713588011334426469e-13 5.679704992511755028e-13 4.390894108709147509e-13 3.889381397982668987e-13 -3.299319139236097240e-13 -2.714790164162713891e-12 -2.602803152461443103e-12 -2.667924957799291555e-12 -3.107298332627920881e-12
-6.553807919425095430e-12 -1.165266324099424799e-11 6.753250435946424069e-10 -2.868043614588614921e-11 -1.011354811337913666e-11 -6.286614766582158467e-12 -2.015811185565833169e-12 6.681004698434928028e-13 1.561256500379915162e-12 1.567855759783343103e-12 4.583290142315368757e-13 -2.922323678022790703e-12 -3.301562732680023705e-12 -4.016807696671714417e-12 -3.528231863517124856e-12
-5.319049836364980110e-12 -5.465466315213467880e-12 -2.868043614588620091e-11 1.648741607157276130e-09 -5.700683746733118554e-11 -1.959477826131626137e-11 -1.183917538951222085e-11 -3.589214696021693522e-12 1.474373136516638460e-12 3.357686112908307519e-12 2.000121924111308799e-12 -3.651745904700854215e-12 -4.950327906576710264e-12 -4.359243540925661812e-12 -3.794886995623149164e-12
-2.551788227493406467e-12 -3.526687484865527850e-12 -1.011354811337939839e-11 -5.700683746732935023e-11 3.200249884224225965e-09 -1.029523706286379967e-10 -3.371172407242631153e-11 -1.985384941555671179e-11 -5.543501734815250572e-12 3.259540602502800951e-12 3.354178194512446580e-12 -4.929627363132450220e-12 -4.593060322354727701e-12 -4.164112487261785248e-12 -4.104882296201752920e-12
-9.809794429704214591e-13 -1.247366762561870842e-12 -6.286614766581724682e-12 -1.959477826131641647e-11 -1.029523706286384749e-10 5.518993685502276849e-09 -1.687915375863275593e-10 -5.321226524699271732e-11 -2.984952541262166756e-11 -8.865979733269074970e-12 -1.243089805861866901e-12 -3.875563804338379216e-12 -3.642616318150274445e-12 -4.085264815221978618e-12 -4.230456820985115637e-12
-5.165032219471025555e-13 1.713588011334800073e-13 -2.015811185565830341e-12 -1.183917538951224185e-11 -3.371172407242508368e-11 -1.687915375863298599e-10 8.912400859155178996e-09 -2.581219677130779110e-10 -7.989107328821398557e-11 -4.998322079756294134e-11 -1.464842662100666734e-11 -5.676455872240726082e-12 -2.521814194596787714e-12 -3.182644932646262372e-12 -3.835392147764069318e-12
-6.181785314921699053e-13 5.679704992511928704e-13 6.681004698433849624e-13 -3.589214696021758145e-12 -1.985384941555710922e-11 -5.321226524699243944e-11 -2.581219677130839597e-10 1.336419789848424610e-08 -3.721731182461966829e-10 -1.177234370475376515e-10 -5.344700738022613577e-11 -2.076800120364401438e-11 -5.292454213634549841e-12 -1.454542215177532393e-12 -1.842355193751678282e-12
-7.632538229320332123e-13 4.390894108709198501e-13 1.561256500379823276e-12 1.474373136516499721e-12 -5.543501734815479178e-12 -2.984952541262158355e-11 -7.989107328821383048e-11 -3.721731182461852057e-10 1.869949842202899194e-08 -5.175486781458884601e-10 -1.183241492942330252e-10 -6.188890923337514417e-11 -2.270227092023666235e-11 -3.900214489760048642e-12 1.081339982302788777e-12
-8.524895162916616897e-13 3.889381397982440281e-13 1.567855759783317455e-12 3.357686112908445248e-12 3.259540602502895059e-12 -8.865979733268824554e-12 -4.998322079756502222e-11 -1.177234370475379876e-10 -5.175486781459041765e-10 2.566241174960943162e-08 -4.994291532130841783e-10 -1.257019638657727420e-10 -6.938377684068955031e-11 -2.289715479538644413e-11 -2.964510306256700882e-12
-1.246826700728844431e-12 -3.299319139236258293e-13 4.583290142315850404e-13 2.000121924111436431e-12 3.354178194512672762e-12 -1.243089805861823886e-12 -1.464842662100621174e-11 -5.344700738022661398e-11 -1.183241492942343177e-10 -4.994291532130769404e-10 2.480558442464622068e-08 -4.759196690607282717e-10 -1.404930494174981596e-10 -7.384203464063760511e-11 -3.044860802014668812e-11
-2.290253462859862583e-12 -2.714790164162713083e-12 -2.922323678022779394e-12 -3.651745904701003656e-12 -4.929627363132483340e-12 -3.875563804338375985e-12 -5.676455872240948225e-12 -2.076800120364504513e-11 -6.188890923337293404e-11 -1.257019638657713203e-10 -4.759196690607302362e-10 3.724705639966513629e-10 -1.541754289763336863e-11 -5.434038000781643465e-12 -3.974130362779175434e-12
-2.096203856582996640e-12 -2.602803152461428159e-12 -3.301562732680047131e-12 -4.950327906576723189e-12 -4.593060322354770515e-12 -3.642616318150151660e-12 -2.521814194597089829e-12 -5.292454213634925465e-12 -2.270227092023581256e-11 -6.938377684068903332e-11 -1.404930494174978752e-10 -1.541754289763335247e-11 2.350611206494177290e-10 -7.410877778108383537e-12 -3.100564495344053212e-12
-2.059410850253827411e-12 -2.667924957799299633e-12 -4.016807696671708762e-12 -4.359243540925635963e-12 -4.164112487261742435e-12 -4.085264815221817867e-12 -3.182644932646240158e-12 -1.454542215177683653e-12 -3.900214489759733603e-12 -2.289715479538653784e-11 -7.384203464063500725e-11 -5.434038000781722629e-12 -7.410877778108548327e-12 2.250710824184988176e-10 -9.033547652490667755e-12
-2.239464284014280571e-12 -3.107298332627915630e-12 -3.528231863517140608e-12 -3.794886995623113622e-12 -4.104882296201719801e-12 -4.230456820985072016e-12 -3.835392147764130710e-12 -1.842355193751927890e-12 1.081339982302509281e-12 -2.964510306256313545e-12 -3.044860802014686260e-11 -3.974130362779183511e-12 -3.100564495344009591e-12 -9.033547652490811542e-12 5.426499037429597552e-10
