8.274599501846886883e-11 -1.079262390088375357e-11 -7.386397991397279389e-12 -7.723824678025848060e-12 -7.255482536055207436e-12 -6.055788700691967324e-12 -5.224429206891879968e-12 -3.979356498976803147e-12 -2.838233504212923468e-12 -1.697896849037661250e-12 -9.450294111497297624e-13 -6.041724469407385821e-13 -4.265044560573454730e-13 -3.599268947099677752e-13 -3.508483327498269941e-13
-1.079262390088375680e-11 3.304453982627223073e-10 -1.454057602757449904e-11 -5.268781548805433438e-12 -4.683494148409817410e-12 -3.970508926807182840e-12 -3.353826945289071827e-12 -2.837230483289691371e-12 -2.160089204777802771e-12 -1.461485878749100107e-12 -8.485923385953201730e-13 -6.303532310891920119e-13 -3.857445834646344731e-13 -3.044056212908865008e-13 -3.186428982756262475e-13
-7.386397991397279389e-12 -1.454057602757455882e-11 1.125100356174454197e-09 -3.733126622942529204e-11 -1.026887531845421920e-11 -8.139879462539124612e-12 -6.576331340162702948e-12 -5.261582671559507650e-12 -4.110153494803853958e-12 -2.979387358249691136e-12 -1.902335379165996510e-12 -1.288480571978380215e-12 -7.091566584183280285e-13 -4.931135517114618659e-13 -3.608693848359233280e-13
-7.723824678025836751e-12 -5.268781548805436669e-12 -3.733126622942533082e-11 2.647603488705703747e-09 -7.348480271743169202e-11 -1.973730950585253119e-11 -1.452333250461110853e-11 -1.107370953302102197e-11 -8.152962579705616338e-12 -6.214835435650063464e-12 -4.156556727646508975e-12 -2.957894264383674096e-12 -1.782874667842818264e-12 -9.150071815846468061e-13 -5.211888458459463875e-13
-7.255482536055219553e-12 -4.683494148409791561e-12 -1.026887531845417881e-11 -7.348480271743149815e-11 5.105895660047206391e-09 -1.358221690662670230e-10 -3.342477181831913058e-11 -2.333517366546331548e-11 -1.691095665994848280e-11 -1.228615401745527999e-11 -8.452793824961175987e-12 -6.024778226807756667e-12 -3.895428595291566877e-12 -2.161370975122980780e-12 -1.257493186168529160e-12
-6.055788700691960054e-12 -3.970508926807228885e-12 -8.139879462539228010e-12 -1.973730950585246656e-11 -1.358221690662658856e-10 8.969824402620437566e-09 -2.224518644820729591e-10 -5.293847834571868993e-11 -3.544717092307879430e-11 -2.568262637177625452e-11 -1.650519586257290016e-11 -1.122762775648669403e-11 -7.888449331113286789e-12 -5.128450317515111440e-12 -3.341612135847459095e-12
-5.224429206891874314e-12 -3.353826945289087579e-12 -6.576331340162716681e-12 -1.452333250461124424e-11 -3.342477181831904011e-11 -2.224518644820704000e-10 1.425145392706805498e-08 -3.422097455653937700e-10 -7.800277682776251016e-11 -5.223261526658324515e-11 -3.148011436544925930e-11 -1.937991460671795481e-11 -1.449691214771010991e-11 -1.025666247939939104e-11 -7.598718769629067267e-12
-3.979356498976812033e-12 -2.837230483289640481e-12 -5.261582671559596507e-12 -1.107370953302107044e-11 -2.333517366546294067e-11 -5.293847834571759779e-11 -3.422097455653960448e-10 2.131012674722454115e-08 -4.897000419291018694e-10 -1.115041800162505952e-10 -6.042801645998678620e-11 -3.439121501318509144e-11 -2.506946353518430597e-11 -1.880715258228535706e-11 -1.461373841283356319e-11
-2.838233504212923064e-12 -2.160089204777835487e-12 -4.110153494803894347e-12 -8.152962579705794052e-12 -1.691095665994815969e-11 -3.544717092307904633e-11 -7.800277682776283327e-11 -4.897000419290987675e-10 3.049228715369414301e-08 -6.935211576779976218e-10 -1.248487823377962074e-10 -6.091496244251992182e-11 -4.396033559722326046e-11 -3.205488324179795643e-11 -2.606146372983614622e-11
-1.697896849037661452e-12 -1.461485878749105964e-12 -2.979387358249691136e-12 -6.214835435650172516e-12 -1.228615401745552394e-11 -2.568262637177601219e-11 -5.223261526658294788e-11 -1.115041800162493674e-10 -6.935211576780087887e-10 4.168895754626345889e-08 -6.831842377030052378e-10 -1.130717434674770082e-10 -7.758668026889698804e-11 -5.591352508644935980e-11 -4.338365533770966149e-11
-9.450294111497285507e-13 -8.485923385953205769e-13 -1.902335379165956928e-12 -4.156556727646490396e-12 -8.452793824961151753e-12 -1.650519586257294217e-11 -3.148011436544982152e-11 -6.042801645998753583e-11 -1.248487823378006277e-10 -6.831842377030135096e-10 3.960810194215346557e-08 -6.100533748726417081e-10 -1.144863787312570264e-10 -7.580076872930572349e-11 -5.996334411591248029e-11
-6.041724469407386831e-13 -6.303532310891913050e-13 -1.288480571978376176e-12 -2.957894264383674096e-12 -6.024778226807730817e-12 -1.122762775648676673e-11 -1.937991460671802913e-11 -3.439121501318505266e-11 -6.091496244251996059e-11 -1.130717434674783394e-10 -6.100533748726385028e-10 3.708064966697067014e-10 -6.608061739200851976e-12 -1.520192244064109004e-12 -9.525343778749501109e-13
-4.265044560573453720e-13 -3.857445834646358867e-13 -7.091566584183309567e-13 -1.782874667842837045e-12 -3.895428595291586264e-12 -7.888449331113256093e-12 -1.449691214770993381e-11 -2.506946353518454831e-11 -4.396033559722272408e-11 -7.758668026889654860e-11 -1.144863787312556693e-10 -6.608061739200878633e-12 2.566785504037496898e-10 -4.955709359843500708e-12 -1.420533636856563632e-12
-3.599268947099677752e-13 -3.044056212908871066e-13 -4.931135517114625727e-13 -9.150071815846405457e-13 -2.161370975123004206e-12 -5.128450317515137289e-12 -1.025666247939941204e-11 -1.880715258228530213e-11 -3.205488324179755576e-11 -5.591352508644972169e-11 -7.580076872930286713e-11 -1.520192244064162925e-12 -4.955709359843494246e-12 1.890495891387152397e-10 -5.922076586919904249e-12
-3.508483327498271456e-13 -3.186428982756266009e-13 -3.608693848359226212e-13 -5.211888458459436612e-13 -1.257493186168523909e-12 -3.341612135847466365e-12 -7.598718769629089886e-12 -1.461373841283366012e-11 -2.606146372983613653e-11 -4.338365533770953870e-11 -5.996334411591308775e-11 -9.525343778749371862e-13 -1.420533636856553535e-12 -5.922076586919911519e-12 3.139059136496603290e-10
