1.416710983679281696e-15 -1.432719090345589760e-17 -9.445642992932641210e-19 -4.485432718153871520e-19 -2.422393507493231818e-19 -1.275080334718291218e-19 -7.590490846440278932e-20 -4.267885767162592989e-20 -2.327358260492468457e-20 -1.102078075868587033e-20 -4.949033151382215151e-21 -2.610837006460630625e-21 -1.551979145216595769e-21 -1.110052763398692349e-21 -9.655517063535525292e-22
-1.432719090345589760e-17 1.131450314461710369e-17 -1.524736180231190850e-19 -1.949009376111232147e-20 -9.572961336100299856e-21 -5.342589034705648871e-21 -3.017640350407310441e-21 -1.871922560464375993e-21 -1.084225346642169401e-21 -5.913670030936347399e-22 -2.827577400754396345e-22 -1.693837745348324484e-22 -8.668230793968093109e-23 -5.711771278298178212e-23 -5.239923050918430833e-23
-9.445642992932641210e-19 -1.524736180231195906e-19 1.786187070820059766e-18 -2.688592392880308509e-20 -4.071101069172895468e-21 -2.053894679308783265e-21 -1.170470873161055664e-21 -6.825583058118957437e-22 -4.142673222748685624e-22 -2.386861627619070570e-22 -1.269614282620576858e-22 -7.099292728928765773e-23 -3.245747102484289329e-23 -1.877089654208624017e-23 -1.193113721376960752e-23
-4.485432718153870558e-19 -1.949009376111227633e-20 -2.688592392880327468e-20 8.015843141876450205e-19 -1.256557173893701155e-20 -2.158214629671073908e-21 -1.103006026149756996e-21 -6.238079678665615972e-22 -3.530067589681686938e-22 -2.135152326662432860e-22 -1.189343689179858971e-22 -6.960145048350620419e-23 -3.509560323587046260e-23 -1.525395702689927004e-23 -7.691202493970348123e-24
-2.422393507493233262e-19 -9.572961336100351014e-21 -4.071101069172917285e-21 -1.256557173893693782e-20 4.925149699872015458e-19 -8.320473626077257108e-21 -1.435227978230666913e-21 -7.359026811716789448e-22 -4.130767373453002035e-22 -2.363900723171832948e-22 -1.367384098252152007e-22 -8.017354753185166323e-23 -4.372772312939552046e-23 -2.069323428459378237e-23 -1.070388377232278832e-23
-1.275080334718290255e-19 -5.342589034705717332e-21 -2.053894679308765209e-21 -2.158214629671081431e-21 -8.320473626077162316e-21 3.546270650099179861e-19 -6.072046139713553508e-21 -1.067012241983027452e-21 -5.500003374528089367e-22 -3.151506648666377233e-22 -1.706972626362584690e-22 -9.547206679136135284e-23 -5.637710932154577639e-23 -3.133398195966980199e-23 -1.812145177018657220e-23
-7.590490846440259672e-20 -3.017640350407263045e-21 -1.170470873161047765e-21 -1.103006026149764520e-21 -1.435227978230674248e-21 -6.072046139713524920e-21 2.712150721251165290e-19 -4.744437916281036777e-21 -8.365798193241807030e-22 -4.413012691633510955e-22 -2.264965236744111727e-22 -1.136429704091258183e-22 -7.157914209690985533e-23 -4.312007656426303015e-23 -2.847262370694490138e-23
-4.267885767162599609e-20 -1.871922560464386901e-21 -6.825583058118905716e-22 -6.238079678665567071e-22 -7.359026811716521436e-22 -1.067012241983009961e-21 -4.744437916281095458e-21 2.182311306779319958e-19 -3.824352369983242131e-21 -6.890965924088597733e-22 -3.172261689331831066e-22 -1.478140537291522432e-22 -8.994273944458471215e-23 -5.757588875758824798e-23 -3.980349635701152150e-23
-2.327358260492466651e-20 -1.084225346642167332e-21 -4.142673222748682333e-22 -3.530067589681719381e-22 -4.130767373452888247e-22 -5.500003374528079023e-22 -8.365798193241858752e-22 -3.824352369983232351e-21 1.839452756515276143e-19 -3.286114196954871016e-21 -5.057675841773942590e-22 -2.016259151856206016e-22 -1.227136428146764630e-22 -7.563877152585694074e-23 -5.477093222415209678e-23
-1.102078075868585528e-20 -5.913670030936369028e-22 -2.386861627619069629e-22 -2.135152326662518906e-22 -2.363900723171879028e-22 -3.151506648666314226e-22 -4.413012691633416915e-22 -6.890965924088705878e-22 -3.286114196954845814e-21 1.564158235182475233e-19 -2.239534805306250026e-21 -2.940597424412346323e-22 -1.684266391694367310e-22 -1.036677976383625408e-22 -7.120219242581116387e-23
-4.949033151382219665e-21 -2.827577400754401047e-22 -1.269614282620573566e-22 -1.189343689179852624e-22 -1.367384098252165173e-22 -1.706972626362596915e-22 -2.264965236744115489e-22 -3.172261689331836708e-22 -5.057675841773998073e-22 -2.239534805306207897e-21 1.025056216997861819e-19 -1.480945528238798941e-21 -2.171473971617675237e-22 -1.223299656022636843e-22 -8.617303045071994634e-23
-2.610837006460630249e-21 -1.693837745348323543e-22 -7.099292728928777527e-23 -6.960145048350613366e-23 -8.017354753185181605e-23 -9.547206679136176426e-23 -1.136429704091265941e-22 -1.478140537291518200e-22 -2.016259151856235873e-22 -2.940597424412368892e-22 -1.480945528238788973e-21 6.402226607135553494e-22 -9.335920829912371703e-24 -1.520959322506693224e-24 -7.946665177939795906e-25
-1.551979145216595957e-21 -8.668230793968084881e-23 -3.245747102484285215e-23 -3.509560323587004530e-23 -4.372772312939553221e-23 -5.637710932154632887e-23 -7.157914209691032553e-23 -8.994273944458467688e-23 -1.227136428146756871e-22 -1.684266391694379300e-22 -2.171473971617692164e-22 -9.335920829912361418e-24 3.097896126446719667e-22 -5.242570567630975526e-24 -1.278789969406470083e-24
-1.110052763398691596e-21 -5.711771278298180563e-23 -1.877089654208640180e-23 -1.525395702689935527e-23 -2.069323428459392637e-23 -3.133398195966974322e-23 -4.312007656426323586e-23 -5.757588875758849483e-23 -7.563877152585540084e-23 -1.036677976383609421e-22 -1.223299656022654475e-22 -1.520959322506642163e-24 -5.242570567630943200e-24 1.649566347296073352e-22 -4.776130445125120050e-24
-9.655517063535529054e-22 -5.239923050918437298e-23 -1.193113721376959136e-23 -7.691202493970373102e-24 -1.070388377232279126e-23 -1.812145177018659571e-23 -2.847262370694496603e-23 -3.980349635701136281e-23 -5.477093222415234363e-23 -7.120219242581210427e-23 -8.617303045071911174e-23 -7.946665177939791314e-25 -1.278789969406481470e-24 -4.776130445125149437e-24 2.165218934276325684e-22
