1.086943506806649206e-10 -2.497693009312454819e-11 -2.694967404278902931e-11 -2.177807642213607291e-11 -1.033673568586938768e-11 -4.235781530921659205e-12 -2.852916222627703525e-12 -3.372013887315714933e-12 -3.842110665639557202e-12 -4.313560501012520299e-12 -5.524985680919906063e-12 -8.090038131424191454e-12 -7.438712416993972198e-12 -7.332311210345877674e-12 -7.980781895286922107e-12
-2.497693009312454819e-11 4.755027774362282814e-10 -2.582262046970662807e-11 -1.353257793034851924e-11 -9.187557435747702101e-12 -3.288832625346742696e-12 -7.618420836867742241e-14 7.935699205873433042e-13 5.295675338184434849e-13 3.315710776347482022e-13 -1.417705116729850091e-12 -6.877723610373259238e-12 -6.679074124336989790e-12 -6.787043886415136420e-12 -7.751871752416605299e-12
-2.694967404278891622e-11 -2.582262046970663453e-11 1.460268867696628002e-09 -5.455868697879869036e-11 -2.061907375617698642e-11 -1.271381960342864124e-11 -4.111890971025782796e-12 1.411790798872304068e-12 3.257931078626745777e-12 3.232429074277206573e-12 9.335068277458855298e-13 -6.169399134077391433e-12 -7.077196810259922152e-12 -8.402048721078209690e-12 -7.188218094998793673e-12
-2.177807642213609230e-11 -1.353257793034830113e-11 -5.455868697879964678e-11 3.141668950131862562e-09 -1.059210298185595299e-10 -3.622798841348138567e-11 -2.195540982305033847e-11 -6.332936604401008320e-12 3.087340875146906701e-12 6.510453858360313434e-12 3.936714520584744030e-12 -6.865945764037018525e-12 -9.315957364175008743e-12 -8.072401357378532840e-12 -6.943134794846800559e-12
-1.033673568586937960e-11 -9.187557435747729566e-12 -2.061907375617752603e-11 -1.059210298185628516e-10 5.822390110924827697e-09 -1.841356282781541956e-10 -6.028349456721321520e-11 -3.477380510486359181e-11 -9.486329850111096196e-12 6.044098400056018817e-12 5.995737259485122650e-12 -9.578475113578209533e-12 -8.939933991497485752e-12 -8.011297934184860462e-12 -7.973695400107817835e-12
-4.235781530921676977e-12 -3.288832625346642933e-12 -1.271381960342870909e-11 -3.622798841348087515e-11 -1.841356282781575819e-10 9.996499282139558553e-09 -2.998794049367640471e-10 -9.340724355553899259e-11 -5.239676037853333066e-11 -1.562985855975866588e-11 -2.406479382138437928e-12 -7.737360577470830081e-12 -7.395360167838384362e-12 -7.985449923852667395e-12 -8.415735284872555246e-12
-2.852916222627701505e-12 -7.618420836874400227e-14 -4.111890971025830456e-12 -2.195540982304992165e-11 -6.028349456721511513e-11 -2.998794049367744385e-10 1.550913999032090991e-08 -4.427744932954604770e-10 -1.372023120301019220e-10 -8.618406981874082066e-11 -2.546463797078543205e-11 -1.058182646726962795e-11 -5.226628879054806316e-12 -6.103260298169966452e-12 -7.470167813510762015e-12
-3.372013887315708067e-12 7.935699205873899543e-13 1.411790798872564177e-12 -6.332936604401203806e-12 -3.477380510486237043e-11 -9.340724355553970345e-11 -4.427744932954572199e-10 2.299816664044346613e-08 -6.464782905642139584e-10 -2.033581229637112424e-10 -9.252552363340370206e-11 -3.613432591071346400e-11 -9.698178041849785654e-12 -2.764972005885665944e-12 -3.808236815144167359e-12
-3.842110665639545892e-12 5.295675338184486346e-13 3.257931078626981248e-12 3.087340875146987884e-12 -9.486329850112096245e-12 -5.239676037853192187e-11 -1.372023120300975276e-10 -6.464782905642123041e-10 3.219038500062066276e-08 -8.912091183205396080e-10 -2.035240455962829294e-10 -1.054638344181112814e-10 -3.894999516871945013e-11 -5.998496627502128464e-12 2.065943466335935747e-12
-4.313560501012538878e-12 3.315710776348355449e-13 3.232429074277163356e-12 6.510453858360508112e-12 6.044098400055954194e-12 -1.562985855975815535e-11 -8.618406981874159615e-11 -2.033581229637164639e-10 -8.912091183205329905e-10 4.400964074275630872e-08 -8.580788854507984355e-10 -2.113270574497945375e-10 -1.189475809556482878e-10 -3.844986622314560633e-11 -5.137066785266938497e-12
-5.524985680919906063e-12 -1.417705116729852312e-12 9.335068277458859337e-13 3.936714520584361944e-12 5.995737259485360141e-12 -2.406479382138643108e-12 -2.546463797078521879e-11 -9.252552363340131099e-11 -2.035240455962777596e-10 -8.580788854508211829e-10 4.300373936614176255e-08 -8.352892750405048569e-10 -2.514435911529738435e-10 -1.299795017888568851e-10 -5.453508271562291645e-11
-8.090038131424191454e-12 -6.877723610373264085e-12 -6.169399134077393048e-12 -6.865945764036984598e-12 -9.578475113578099673e-12 -7.737360577470652366e-12 -1.058182646726931453e-11 -3.613432591071372895e-11 -1.054638344181121344e-10 -2.113270574497973292e-10 -8.352892750405063044e-10 6.074313985165283668e-10 -2.523579491003715884e-11 -8.765633374164274154e-12 -6.276116093398733074e-12
-7.438712416993975429e-12 -6.679074124336973635e-12 -7.077196810259920536e-12 -9.315957364175039439e-12 -8.939933991497456671e-12 -7.395360167838130714e-12 -5.226628879055288569e-12 -9.698178041848901928e-12 -3.894999516872029670e-11 -1.189475809556490891e-10 -2.514435911529837697e-10 -2.523579491003668709e-11 4.077768663583264729e-10 -1.211564478990849084e-11 -4.892847975244943749e-12
-7.332311210345880905e-12 -6.787043886415121072e-12 -8.402048721078167685e-12 -8.072401357378524762e-12 -8.011297934184870155e-12 -7.985449923852638315e-12 -6.103260298170249988e-12 -2.764972005886146178e-12 -5.998496627502344953e-12 -3.844986622314603931e-11 -1.299795017888529818e-10 -8.765633374164482564e-12 -1.211564478990847953e-11 4.048994939325759889e-10 -1.606669321318598911e-11
-7.980781895286923722e-12 -7.751871752416605299e-12 -7.188218094998813060e-12 -6.943134794846786019e-12 -7.973695400107808141e-12 -8.415735284872430846e-12 -7.470167813510653771e-12 -3.808236815145079358e-12 2.065943466336578751e-12 -5.137066785266266413e-12 -5.453508271562316848e-11 -6.276116093398771848e-12 -4.892847975244949404e-12 -1.606669321318598911e-11 9.524550242992029724e-10
