2.246251704988276200e-15 -2.996506059036933163e-17 -4.497457050234073445e-18 -1.724714522355898400e-18 -4.872637621041950405e-19 -9.938631858128127146e-20 -1.059345003422708902e-20 -3.330142344606633428e-21 -4.391450561066681228e-21 -2.387865024537496549e-21 -9.383112005103640215e-22 -7.535946240016761518e-22
-2.996506059036930698e-17 1.481803270520571509e-17 -2.619144031471983763e-19 -5.699582455230478096e-20 -2.457969188349013797e-20 -7.210553806738090755e-21 -1.129704180896845884e-21 2.627789443272264857e-22 1.542286742535553479e-22 -1.832565917260219003e-23 -3.597617058469894599e-23 -4.468543632915454963e-23
-4.497457050234082689e-18 -2.619144031471940430e-19 2.082221631898646798e-18 -3.932238933123589565e-20 -9.335682087827437719e-21 -4.147122132201351215e-21 -1.320280482588749677e-21 -1.948208255047946396e-22 9.884490795667262507e-23 6.579524758958006593e-23 5.147885373262874403e-25 -1.977261139201085914e-23
-1.724714522355898400e-18 -5.699582455230457633e-20 -3.932238933123640723e-20 8.825204500441183520e-19 -1.878518805631288838e-20 -4.705647671354051981e-21 -2.157430586460882874e-21 -7.012268918926160271e-22 -1.018579870514420072e-22 5.416092645950753618e-23 2.827193950026666230e-23 -1.287164452629201617e-23
-4.872637621041949442e-19 -2.457969188349032153e-20 -9.335682087826938181e-21 -1.878518805631354440e-20 5.146779298713202587e-19 -1.170211784007367672e-20 -2.992322326264847596e-21 -1.382139299429525576e-21 -4.606082587167123963e-22 -7.042957847968814291e-23 2.809776784546173884e-23 -6.224570919946793088e-25
-9.938631858128104276e-20 -7.210553806738123857e-21 -4.147122132201418171e-21 -4.705647671354093359e-21 -1.170211784007408899e-20 3.602490796171112987e-19 -8.302705023429443373e-21 -2.174575563806208899e-21 -1.024736290844459283e-21 -3.493002981514586981e-22 -5.346380842011728114e-23 -5.177496934514567759e-24
-1.059345003422711611e-20 -1.129704180896845320e-21 -1.320280482588747796e-21 -2.157430586460868956e-21 -2.992322326264793806e-21 -8.302705023429422308e-21 2.635015712654919295e-19 -6.198525856326644450e-21 -1.655202137055645461e-21 -7.981967720930382480e-22 -2.430299090662526102e-22 -6.915899549979943701e-23
-3.330142344606646593e-21 2.627789443272130851e-22 -1.948208255048053836e-22 -7.012268918926104788e-22 -1.382139299429511658e-21 -2.174575563806146457e-21 -6.198525856326686579e-21 2.071717107881325745e-19 -4.947315696808153203e-21 -1.353726563612600961e-21 -5.604026092067882770e-22 -2.245695331986779919e-22
-4.391450561066709063e-21 1.542286742535651516e-22 9.884490795667043865e-23 -1.018579870514416663e-22 -4.606082587167224585e-22 -1.024736290844450631e-21 -1.655202137055631731e-21 -4.947315696808121605e-21 1.678377449938045293e-19 -4.061251397765682263e-21 -9.337447019231700444e-22 -4.637457915974348646e-22
-2.387865024537495044e-21 -1.832565917260044442e-23 6.579524758958055964e-23 5.416092645950981664e-23 -7.042957847968949473e-23 -3.493002981514582749e-22 -7.981967720930360851e-22 -1.353726563612584599e-21 -4.061251397765687529e-21 1.409027985607955036e-19 -2.740342697725195383e-21 -6.983329438906668812e-22
-9.383112005103643976e-22 -3.597617058469896363e-23 5.147885373265353961e-25 2.827193950026706197e-23 2.809776784546212087e-23 -5.346380842011781011e-23 -2.430299090662530804e-22 -5.604026092067706916e-22 -9.337447019232076603e-22 -2.740342697725136326e-21 9.229560820351553920e-20 -2.807676077442038437e-21
-7.535946240016762458e-22 -4.468543632915474946e-23 -1.977261139201087383e-23 -1.287164452629208963e-23 -6.224570919943481501e-25 -5.177496934514832245e-24 -6.915899549980061250e-23 -2.245695331986792614e-22 -4.637457915974347705e-22 -6.983329438906614269e-22 -2.807676077442020382e-21 2.101176949163059390e-21
