1.416721254876082618e-15 -1.432728632073909427e-17 -9.445703647999140791e-19 -4.485463906348810493e-19 -2.422418383507704621e-19 -1.275107506042301824e-19 -7.590885066660061897e-20 -4.268490017353600525e-20 -2.328327469900159311e-20 -1.103587516798369900e-20 -4.971249331386179909e-21 -3.097912107891735769e-21
-1.432728632073906654e-17 1.131504400324378407e-17 -1.524820012778769385e-19 -1.949149822555733462e-20 -9.573784925082361246e-21 -5.343217993102924668e-21 -3.018183362237693821e-21 -1.872487898472697700e-21 -1.084866524179429839e-21 -5.918327893578023269e-22 -2.906561677364168894e-22 -2.180864813199266723e-22
-9.445703647999142717e-19 -1.524820012778764571e-19 1.786441304629848233e-18 -2.689064543294416664e-20 -4.072108862208026335e-21 -2.054583923406198247e-21 -1.170982272569844143e-21 -6.829008346384648408e-22 -4.142968455549316465e-22 -2.449767229153923339e-22 -1.461401706190521075e-22 -9.661986678275709516e-23
-4.485463906348824938e-19 -1.949149822555745198e-20 -2.689064543294404627e-20 8.018016166926344763e-19 -1.257017654388509543e-20 -2.159282006109787644e-21 -1.103683959275023162e-21 -6.240594222563137890e-22 -3.577581133437276994e-22 -2.303631157963020925e-22 -1.367258648245374082e-22 -9.070783002372989964e-23
-2.422418383507707028e-19 -9.573784925082341686e-21 -4.072108862207966149e-21 -1.257017654388526996e-20 4.927654278161862052e-19 -8.326072244269937857e-21 -1.436263788757104649e-21 -7.404388501073222910e-22 -4.273934624270037003e-22 -2.543414357329063269e-22 -1.514369669931915787e-22 -9.725161611221260313e-23
-1.275107506042300620e-19 -5.343217993102902098e-21 -2.054583923406243010e-21 -2.159282006109804947e-21 -8.326072244269936352e-21 3.549613932561675367e-19 -6.082977705580104220e-21 -1.081196687457342905e-21 -5.669010420011653071e-22 -3.311204345734954710e-22 -1.804636060639227010e-22 -1.124436038357391704e-22
-7.590885066660076341e-20 -3.018183362237678023e-21 -1.170982272569842826e-21 -1.103683959275009809e-21 -1.436263788757127218e-21 -6.082977705580095945e-21 2.716534632200408123e-19 -4.769394900972920178e-21 -8.529553504545774380e-22 -4.531611373305923190e-22 -2.347565292379544424e-22 -1.304739823093933795e-22
-4.268490017353601127e-20 -1.872487898472725536e-21 -6.829008346384679441e-22 -6.240594222563165161e-22 -7.404388501073220088e-22 -1.081196687457331997e-21 -4.769394900972895352e-21 2.188205508411255063e-19 -3.847745792605389155e-21 -7.008800812246966889e-22 -3.253043665673804810e-22 -1.707478993226301123e-22
-2.328327469900159010e-20 -1.084866524179416862e-21 -4.142968455549329630e-22 -3.577581133437348464e-22 -4.273934624270032301e-22 -5.669010420011674700e-22 -8.529553504545778142e-22 -3.847745792605384641e-21 1.847628625473812839e-19 -3.313200453662679121e-21 -5.155648330665576330e-22 -2.271525294978196623e-22
-1.103587516798370652e-20 -5.918327893578017626e-22 -2.449767229153913465e-22 -2.303631157963011521e-22 -2.543414357329116872e-22 -3.311204345734953770e-22 -4.531611373305879932e-22 -7.008800812246949962e-22 -3.313200453662654670e-21 1.575545027805798703e-19 -2.265459024964538722e-21 -3.449837273019424117e-22
-4.971249331386180662e-21 -2.906561677364172656e-22 -1.461401706190511671e-22 -1.367258648245380195e-22 -1.514369669931877466e-22 -1.804636060639226069e-22 -2.347565292379582981e-22 -3.253043665673848068e-22 -5.155648330665637455e-22 -2.265459024964500354e-21 1.036913365155906396e-19 -2.577755248480349294e-21
-3.097912107891734265e-21 -2.180864813199268133e-22 -9.661986678275722447e-23 -9.070783002373008772e-23 -9.725161611221282647e-23 -1.124436038357388883e-22 -1.304739823093935206e-22 -1.707478993226280669e-22 -2.271525294978192391e-22 -3.449837273019468786e-22 -2.577755248480349670e-21 1.635581796181414413e-21
