6.374589883211578503e-16 -7.809017747116091712e-18 -1.160554571121876397e-18 -4.570748588504277960e-19 -1.333335545525209079e-19 -2.780179218878141369e-20 -2.397720006505223739e-21 -2.317600011824882298e-22 -9.179361496245123816e-22 -6.043068431925351088e-22 -2.443828976922865456e-22 -2.200673494854327694e-22
-7.809017747116091712e-18 1.145327604855308978e-17 -2.306239994963926547e-19 -5.415706462265626624e-20 -2.196087773668927164e-20 -6.184478980396105247e-21 -8.977768321127115700e-22 2.384270480785809532e-22 1.235512408496397433e-22 -1.891569141182273670e-23 -3.185732595247763496e-23 -4.102295302546400149e-23
-1.160554571121875434e-18 -2.306239994963914510e-19 1.752333414309511668e-18 -3.480956136884686570e-20 -8.501528777695807647e-21 -3.604196655551165123e-21 -1.122262563183205678e-21 -1.656641140305459654e-22 8.166804116145248519e-23 5.512300637488066369e-23 1.173703265769834824e-25 -1.731266470744651859e-23
-4.570748588504286627e-19 -5.415706462265514679e-20 -3.480956136884733514e-20 7.275955392354299792e-19 -1.592072764850013271e-20 -3.952157073922705924e-21 -1.804939604546639311e-21 -5.908176497859129304e-22 -8.722591067977353797e-23 4.569845872047515869e-23 2.475959136901472282e-23 -9.410130292545346200e-24
-1.333335545525205709e-19 -2.196087773668932882e-20 -8.501528777695893411e-21 -1.592072764849999428e-20 4.248664660294445024e-19 -9.617859097869561294e-21 -2.482119586865424797e-21 -1.161345099575201580e-21 -3.894888215080662604e-22 -5.982381670533726736e-23 2.533365217736861301e-23 2.367724071396759381e-24
-2.780179218878146184e-20 -6.184478980396105999e-21 -3.604196655551170389e-21 -3.952157073922680345e-21 -9.617859097869615461e-21 2.942488937989318083e-19 -6.908197524810017344e-21 -1.825663283585548776e-21 -8.651880265542187403e-22 -2.971559941354092012e-22 -4.411556642434453404e-23 2.850748764551680719e-25
-2.397720006505223739e-21 -8.977768321127158958e-22 -1.122262563183198531e-21 -1.804939604546642696e-21 -2.482119586865372887e-21 -6.908197524810071510e-21 2.201530740146901388e-19 -5.230372763598057831e-21 -1.413288399430065421e-21 -6.874778813937430077e-22 -2.078451207868476670e-22 -5.238465214008077324e-23
-2.317600011824977749e-22 2.384270480785834453e-22 -1.656641140305408402e-22 -5.908176497859107675e-22 -1.161345099575211924e-21 -1.825663283585535234e-21 -5.230372763598129301e-21 1.781870243777559802e-19 -4.243901623257311288e-21 -1.181217375018508757e-21 -4.867098322430244385e-22 -1.813385952370559947e-22
-9.179361496245059869e-22 1.235512408496376039e-22 8.166804116144951119e-23 -8.722591067976988218e-23 -3.894888215080727962e-22 -8.651880265542275800e-22 -1.413288399430057898e-21 -4.243901623257422631e-21 1.474550671507615736e-19 -3.635249753140047104e-21 -8.247327695262047827e-22 -3.756164520810825024e-22
-6.043068431925334161e-22 -1.891569141182297473e-23 5.512300637488113389e-23 4.569845872047258436e-23 -5.982381670533711454e-23 -2.971559941354105647e-22 -6.874778813937299362e-22 -1.181217375018506312e-21 -3.635249753140067417e-21 1.267910947402408698e-19 -2.485491959660824710e-21 -5.798374968730609642e-22
-2.443828976922860284e-22 -3.185732595247794059e-23 1.173703265767385112e-25 2.475959136901517244e-23 2.533365217736917137e-23 -4.411556642434518056e-23 -2.078451207868448459e-22 -4.867098322430314915e-22 -8.247327695262177602e-22 -2.485491959660822077e-21 8.578201282383932978e-20 -2.609722305382074456e-21
-2.200673494854329105e-22 -4.102295302546406614e-23 -1.731266470744651566e-23 -9.410130292545302119e-24 2.367724071396825135e-24 2.850748764548420559e-25 -5.238465214008073797e-23 -1.813385952370542784e-22 -3.756164520810856998e-22 -5.798374968730580490e-22 -2.609722305382077090e-21 1.948310470051864343e-21
