1.300466122435066804e-15 -1.637949484780524034e-17 -2.442477918571471502e-18 -9.527736170985459757e-19 -2.746974797515422506e-19 -5.677190699804955963e-20 -5.262770951280059028e-21 -9.404179302808752078e-22 -2.076551015928763332e-21 -1.274669645841445028e-21 -5.121966402808073020e-22 -4.476247614098904791e-22
-1.637949484780529889e-17 1.609957519318624721e-17 -3.146163445034886595e-19 -7.295325412138077701e-20 -2.990084214701938653e-20 -8.491635263512933080e-21 -1.260747564051055045e-21 3.173759073751786936e-22 1.708959338302256700e-22 -2.536195210761654865e-23 -4.354333506164783724e-23 -5.519380425610044899e-23
-2.442477918571468035e-18 -3.146163445034862039e-19 2.350246328302461117e-18 -4.710010978768887591e-20 -1.125547628201087806e-20 -4.842192786823066439e-21 -1.520600908517731911e-21 -2.256133633295699603e-22 1.108727200763160778e-22 7.472342140881926013e-23 3.651186638746716343e-25 -2.250145344612360853e-23
-9.527736170985461683e-19 -7.295325412138122238e-20 -4.710010978768912869e-20 9.823596172623081050e-19 -2.109630381772693576e-20 -5.299362743247062041e-21 -2.434435280099202701e-21 -7.977489293026703089e-22 -1.175089800722493520e-22 6.265347281439569812e-23 3.427978974507547977e-23 -1.221765792386282040e-23
-2.746974797515419617e-19 -2.990084214701944672e-20 -1.125547628201067343e-20 -2.109630381772759178e-20 5.737087539797417738e-19 -1.303183868613064004e-20 -3.396462650970436831e-21 -1.582811740762647864e-21 -5.306839645575020279e-22 -8.163682027499303380e-23 3.479114009353729749e-23 4.066523158986688897e-24
-5.677190699804959574e-20 -8.491635263512963173e-21 -4.842192786823032584e-21 -5.299362743247026682e-21 -1.303183868613039478e-20 4.094551566866496791e-19 -9.564528147014852814e-21 -2.528235361724508694e-21 -1.196845223205504287e-21 -4.112723007149563293e-22 -6.117932805285714872e-23 -1.872231808656036840e-25
-5.262770951280035706e-21 -1.260747564051069715e-21 -1.520600908517730971e-21 -2.434435280099198563e-21 -3.396462650970495512e-21 -9.564528147014827235e-21 3.059376235808991964e-19 -7.277791875007680407e-21 -1.955008838556334371e-21 -9.515928268275018054e-22 -2.882756416838383024e-22 -7.344546995065603181e-23
-9.404179302808919469e-22 3.173759073751716406e-22 -2.256133633295687848e-22 -7.977489293026701208e-22 -1.582811740762636391e-21 -2.528235361724510199e-21 -7.277791875007699968e-21 2.460913725219896768e-19 -5.925670921428450532e-21 -1.633655680450247533e-21 -6.733133669401968553e-22 -2.503641466331013682e-22
-2.076551015928764837e-21 1.708959338302326994e-22 1.108727200763162424e-22 -1.175089800722492345e-22 -5.306839645575004292e-22 -1.196845223205497705e-21 -1.955008838556368602e-21 -5.925670921428494166e-21 2.041355307820651051e-19 -5.030301673256154503e-21 -1.142937265296647547e-21 -5.233884348583534270e-22
-1.274669645841447285e-21 -2.536195210761969604e-23 7.472342140881961278e-23 6.265347281439479299e-23 -8.163682027499285747e-23 -4.112723007149573167e-22 -9.515928268274969154e-22 -1.633655680450241326e-21 -5.030301673256138704e-21 1.752809872313571088e-19 -3.464177308562118603e-21 -8.057696444595004307e-22
-5.121966402808076781e-22 -4.354333506164850139e-23 3.651186638741634626e-25 3.427978974507506835e-23 3.479114009353753259e-23 -6.117932805285898249e-23 -2.882756416838399481e-22 -6.733133669401789878e-22 -1.142937265296643221e-21 -3.464177308562105062e-21 1.182800021312555194e-19 -3.598066065398192154e-21
-4.476247614098901970e-22 -5.519380425610044899e-23 -2.250145344612364379e-23 -1.221765792386267052e-23 4.066523158986529470e-24 -1.872231808656848895e-25 -7.344546995065573793e-23 -2.503641466331026377e-22 -5.233884348583583171e-22 -8.057696444594807764e-22 -3.598066065398198925e-21 2.689175644737366407e-21
